# Face Region Partition Results
# Total vertices: 7160
# Vertex order: Open3D order (may differ from OBJ file)
# Format: vertex_index, region_label
#
0,4
1,4
2,4
3,4
4,4
5,4
6,4
7,4
8,4
9,4
10,4
11,4
12,4
13,4
14,4
15,4
16,2
17,4
18,1
19,4
20,4
21,1
22,1
23,1
24,4
25,4
26,4
27,1
28,1
29,1
30,1
31,1
32,1
33,4
34,4
35,4
36,4
37,1
38,1
39,1
40,1
41,1
42,5
43,5
44,5
45,5
46,5
47,5
48,5
49,5
50,5
51,5
52,4
53,4
54,6
55,6
56,6
57,6
58,6
59,6
60,6
61,6
62,6
63,6
64,6
65,6
66,6
67,6
68,1
69,1
70,1
71,1
72,1
73,5
74,5
75,6
76,6
77,6
78,5
79,5
80,5
81,5
82,5
83,5
84,5
85,5
86,5
87,5
88,5
89,5
90,5
91,5
92,4
93,4
94,6
95,6
96,6
97,6
98,6
99,1
100,1
101,1
102,1
103,1
104,1
105,4
106,4
107,4
108,4
109,4
110,4
111,4
112,4
113,6
114,6
115,6
116,6
117,6
118,6
119,6
120,6
121,6
122,4
123,4
124,4
125,4
126,6
127,6
128,6
129,6
130,6
131,6
132,6
133,6
134,4
135,4
136,4
137,4
138,4
139,4
140,6
141,6
142,6
143,6
144,6
145,6
146,6
147,6
148,6
149,6
150,6
151,6
152,6
153,6
154,6
155,6
156,6
157,6
158,6
159,4
160,1
161,1
162,6
163,6
164,6
165,6
166,6
167,4
168,1
169,4
170,4
171,4
172,6
173,6
174,4
175,4
176,4
177,4
178,4
179,4
180,4
181,4
182,4
183,4
184,4
185,4
186,4
187,4
188,4
189,4
190,4
191,2
192,2
193,4
194,4
195,4
196,4
197,4
198,4
199,4
200,4
201,4
202,4
203,4
204,1
205,2
206,2
207,2
208,4
209,2
210,4
211,4
212,4
213,4
214,4
215,4
216,4
217,4
218,4
219,4
220,4
221,4
222,4
223,4
224,4
225,4
226,1
227,1
228,1
229,2
230,2
231,2
232,2
233,2
234,4
235,4
236,4
237,4
238,4
239,4
240,4
241,4
242,4
243,4
244,4
245,4
246,4
247,4
248,4
249,1
250,1
251,1
252,1
253,1
254,1
255,1
256,2
257,2
258,2
259,2
260,2
261,4
262,4
263,4
264,4
265,2
266,4
267,4
268,4
269,4
270,4
271,4
272,4
273,4
274,4
275,4
276,4
277,4
278,4
279,4
280,4
281,4
282,1
283,1
284,1
285,1
286,1
287,1
288,1
289,1
290,1
291,1
292,2
293,1
294,1
295,2
296,2
297,2
298,2
299,2
300,4
301,4
302,4
303,4
304,2
305,4
306,4
307,4
308,4
309,4
310,4
311,5
312,5
313,4
314,4
315,4
316,4
317,4
318,4
319,4
320,4
321,4
322,4
323,6
324,6
325,1
326,1
327,1
328,1
329,1
330,1
331,1
332,1
333,1
334,1
335,1
336,1
337,1
338,1
339,1
340,2
341,1
342,2
343,2
344,2
345,2
346,4
347,4
348,4
349,4
350,2
351,4
352,2
353,4
354,4
355,4
356,4
357,4
358,6
359,6
360,6
361,6
362,5
363,5
364,5
365,5
366,5
367,5
368,5
369,5
370,5
371,5
372,5
373,5
374,5
375,5
376,5
377,5
378,5
379,5
380,4
381,5
382,4
383,4
384,4
385,4
386,4
387,4
388,4
389,4
390,4
391,4
392,4
393,6
394,6
395,6
396,6
397,6
398,6
399,6
400,6
401,6
402,6
403,6
404,6
405,6
406,6
407,6
408,1
409,1
410,1
411,1
412,1
413,1
414,1
415,1
416,1
417,1
418,1
419,1
420,1
421,1
422,1
423,1
424,1
425,2
426,2
427,1
428,2
429,2
430,2
431,2
432,2
433,4
434,4
435,2
436,4
437,2
438,2
439,4
440,2
441,4
442,4
443,4
444,4
445,4
446,4
447,4
448,6
449,6
450,6
451,5
452,5
453,6
454,5
455,5
456,5
457,5
458,5
459,5
460,5
461,5
462,5
463,5
464,5
465,5
466,5
467,5
468,5
469,5
470,5
471,5
472,5
473,4
474,4
475,5
476,4
477,4
478,4
479,4
480,4
481,4
482,4
483,4
484,4
485,4
486,4
487,4
488,4
489,4
490,4
491,6
492,6
493,6
494,6
495,6
496,6
497,6
498,6
499,6
500,6
501,6
502,6
503,6
504,1
505,1
506,1
507,1
508,1
509,1
510,1
511,1
512,1
513,1
514,1
515,1
516,1
517,1
518,1
519,1
520,1
521,1
522,1
523,1
524,1
525,1
526,1
527,1
528,2
529,1
530,1
531,2
532,2
533,2
534,2
535,2
536,4
537,4
538,4
539,4
540,2
541,4
542,2
543,2
544,4
545,2
546,4
547,4
548,4
549,4
550,4
551,6
552,6
553,6
554,6
555,5
556,5
557,5
558,5
559,5
560,5
561,5
562,5
563,5
564,5
565,5
566,5
567,5
568,5
569,5
570,5
571,5
572,5
573,4
574,4
575,5
576,4
577,4
578,4
579,4
580,4
581,4
582,4
583,4
584,4
585,4
586,4
587,4
588,4
589,4
590,4
591,4
592,4
593,4
594,4
595,4
596,6
597,6
598,6
599,6
600,6
601,6
602,6
603,6
604,6
605,6
606,6
607,6
608,6
609,6
610,6
611,6
612,6
613,6
614,6
615,6
616,6
617,6
618,6
619,6
620,1
621,1
622,1
623,1
624,1
625,1
626,1
627,1
628,1
629,1
630,1
631,1
632,1
633,1
634,1
635,1
636,1
637,1
638,1
639,1
640,1
641,1
642,1
643,1
644,1
645,2
646,1
647,2
648,2
649,2
650,2
651,2
652,2
653,4
654,4
655,4
656,2
657,2
658,4
659,2
660,2
661,4
662,2
663,4
664,4
665,4
666,4
667,4
668,6
669,6
670,5
671,5
672,5
673,5
674,5
675,5
676,5
677,5
678,5
679,5
680,5
681,5
682,5
683,5
684,5
685,4
686,4
687,4
688,4
689,4
690,5
691,4
692,4
693,4
694,4
695,4
696,4
697,4
698,4
699,4
700,4
701,4
702,4
703,4
704,4
705,4
706,4
707,4
708,4
709,4
710,4
711,4
712,4
713,4
714,4
715,4
716,6
717,6
718,6
719,6
720,6
721,6
722,6
723,6
724,6
725,6
726,6
727,6
728,6
729,6
730,6
731,6
732,6
733,6
734,6
735,6
736,6
737,6
738,6
739,6
740,6
741,1
742,1
743,1
744,1
745,1
746,1
747,1
748,1
749,1
750,1
751,1
752,1
753,1
754,1
755,1
756,1
757,1
758,1
759,1
760,1
761,1
762,1
763,1
764,1
765,2
766,1
767,2
768,2
769,2
770,2
771,2
772,2
773,4
774,4
775,4
776,3
777,2
778,4
779,2
780,2
781,2
782,2
783,4
784,2
785,4
786,4
787,4
788,4
789,4
790,6
791,6
792,6
793,5
794,5
795,5
796,5
797,5
798,5
799,5
800,5
801,5
802,5
803,5
804,5
805,5
806,5
807,5
808,4
809,4
810,4
811,5
812,4
813,4
814,4
815,4
816,4
817,4
818,4
819,4
820,4
821,4
822,4
823,4
824,4
825,4
826,4
827,4
828,4
829,4
830,4
831,4
832,4
833,4
834,4
835,4
836,4
837,4
838,4
839,4
840,6
841,6
842,6
843,6
844,6
845,6
846,6
847,6
848,6
849,6
850,6
851,6
852,6
853,6
854,6
855,6
856,6
857,6
858,6
859,6
860,6
861,6
862,6
863,6
864,6
865,6
866,6
867,6
868,6
869,6
870,6
871,6
872,1
873,1
874,1
875,1
876,1
877,1
878,1
879,1
880,1
881,1
882,1
883,1
884,1
885,1
886,1
887,1
888,1
889,1
890,1
891,1
892,1
893,1
894,2
895,1
896,2
897,2
898,2
899,2
900,2
901,2
902,3
903,4
904,3
905,3
906,2
907,2
908,2
909,2
910,2
911,2
912,4
913,3
914,4
915,3
916,4
917,3
918,4
919,4
920,4
921,4
922,4
923,6
924,6
925,5
926,5
927,5
928,5
929,5
930,5
931,5
932,5
933,5
934,5
935,5
936,5
937,5
938,5
939,5
940,5
941,5
942,4
943,4
944,4
945,4
946,4
947,4
948,5
949,4
950,4
951,4
952,4
953,4
954,4
955,4
956,4
957,4
958,4
959,4
960,4
961,4
962,4
963,4
964,4
965,4
966,4
967,4
968,4
969,4
970,6
971,6
972,6
973,6
974,6
975,6
976,6
977,6
978,6
979,6
980,6
981,6
982,6
983,6
984,6
985,6
986,6
987,6
988,6
989,6
990,6
991,6
992,6
993,6
994,6
995,6
996,6
997,6
998,6
999,6
1000,6
1001,6
1002,6
1003,6
1004,6
1005,6
1006,6
1007,6
1008,1
1009,1
1010,1
1011,1
1012,1
1013,1
1014,1
1015,1
1016,1
1017,1
1018,1
1019,1
1020,1
1021,1
1022,1
1023,1
1024,1
1025,1
1026,1
1027,1
1028,2
1029,1
1030,2
1031,2
1032,2
1033,2
1034,2
1035,2
1036,2
1037,3
1038,3
1039,3
1040,3
1041,2
1042,2
1043,3
1044,3
1045,2
1046,2
1047,2
1048,3
1049,3
1050,4
1051,3
1052,4
1053,3
1054,4
1055,4
1056,6
1057,6
1058,6
1059,5
1060,5
1061,5
1062,5
1063,5
1064,5
1065,5
1066,5
1067,5
1068,5
1069,5
1070,5
1071,5
1072,5
1073,4
1074,4
1075,4
1076,4
1077,5
1078,4
1079,4
1080,4
1081,4
1082,4
1083,4
1084,4
1085,4
1086,4
1087,6
1088,6
1089,6
1090,6
1091,6
1092,6
1093,6
1094,6
1095,6
1096,6
1097,6
1098,6
1099,6
1100,6
1101,6
1102,6
1103,6
1104,6
1105,6
1106,6
1107,6
1108,6
1109,6
1110,6
1111,6
1112,6
1113,6
1114,6
1115,6
1116,6
1117,6
1118,6
1119,6
1120,6
1121,6
1122,6
1123,6
1124,6
1125,6
1126,6
1127,6
1128,6
1129,6
1130,6
1131,6
1132,1
1133,1
1134,1
1135,1
1136,1
1137,1
1138,1
1139,1
1140,1
1141,1
1142,1
1143,1
1144,1
1145,1
1146,1
1147,1
1148,1
1149,1
1150,1
1151,2
1152,1
1153,2
1154,2
1155,2
1156,2
1157,2
1158,2
1159,2
1160,2
1161,3
1162,3
1163,3
1164,3
1165,2
1166,2
1167,2
1168,2
1169,2
1170,3
1171,3
1172,3
1173,3
1174,2
1175,3
1176,3
1177,3
1178,3
1179,4
1180,3
1181,6
1182,6
1183,5
1184,5
1185,5
1186,5
1187,5
1188,5
1189,5
1190,5
1191,5
1192,5
1193,5
1194,5
1195,5
1196,5
1197,5
1198,5
1199,5
1200,4
1201,4
1202,4
1203,4
1204,4
1205,5
1206,4
1207,4
1208,4
1209,4
1210,4
1211,6
1212,6
1213,6
1214,6
1215,6
1216,6
1217,6
1218,6
1219,6
1220,6
1221,6
1222,6
1223,6
1224,6
1225,6
1226,6
1227,6
1228,6
1229,6
1230,6
1231,6
1232,6
1233,6
1234,6
1235,6
1236,6
1237,6
1238,6
1239,6
1240,6
1241,6
1242,6
1243,6
1244,6
1245,6
1246,6
1247,6
1248,6
1249,6
1250,6
1251,1
1252,1
1253,1
1254,1
1255,1
1256,1
1257,1
1258,1
1259,1
1260,1
1261,1
1262,1
1263,1
1264,1
1265,1
1266,1
1267,1
1268,1
1269,1
1270,1
1271,2
1272,1
1273,2
1274,2
1275,2
1276,2
1277,2
1278,2
1279,3
1280,3
1281,3
1282,3
1283,3
1284,2
1285,2
1286,3
1287,3
1288,2
1289,2
1290,2
1291,3
1292,3
1293,3
1294,3
1295,2
1296,2
1297,3
1298,3
1299,3
1300,3
1301,4
1302,3
1303,6
1304,6
1305,6
1306,5
1307,5
1308,5
1309,5
1310,5
1311,5
1312,5
1313,5
1314,5
1315,5
1316,5
1317,5
1318,5
1319,5
1320,5
1321,4
1322,4
1323,4
1324,4
1325,4
1326,5
1327,4
1328,4
1329,4
1330,6
1331,6
1332,6
1333,6
1334,6
1335,6
1336,6
1337,6
1338,6
1339,6
1340,6
1341,6
1342,6
1343,6
1344,6
1345,6
1346,6
1347,6
1348,6
1349,6
1350,6
1351,6
1352,6
1353,6
1354,6
1355,6
1356,6
1357,6
1358,6
1359,6
1360,6
1361,6
1362,6
1363,6
1364,6
1365,6
1366,6
1367,6
1368,6
1369,6
1370,6
1371,6
1372,6
1373,1
1374,1
1375,1
1376,1
1377,1
1378,1
1379,1
1380,1
1381,1
1382,1
1383,1
1384,1
1385,1
1386,1
1387,1
1388,2
1389,1
1390,2
1391,2
1392,2
1393,2
1394,3
1395,3
1396,3
1397,3
1398,3
1399,2
1400,2
1401,2
1402,2
1403,2
1404,3
1405,3
1406,3
1407,3
1408,3
1409,2
1410,2
1411,3
1412,3
1413,3
1414,3
1415,3
1416,3
1417,3
1418,4
1419,3
1420,6
1421,6
1422,5
1423,5
1424,5
1425,5
1426,5
1427,5
1428,5
1429,5
1430,5
1431,5
1432,5
1433,5
1434,5
1435,5
1436,3
1437,5
1438,4
1439,4
1440,4
1441,3
1442,4
1443,6
1444,6
1445,6
1446,6
1447,6
1448,6
1449,6
1450,6
1451,6
1452,6
1453,6
1454,6
1455,6
1456,6
1457,6
1458,6
1459,6
1460,6
1461,6
1462,6
1463,6
1464,6
1465,6
1466,6
1467,6
1468,6
1469,6
1470,6
1471,6
1472,6
1473,6
1474,6
1475,6
1476,6
1477,6
1478,1
1479,1
1480,1
1481,1
1482,1
1483,1
1484,1
1485,1
1486,1
1487,1
1488,1
1489,1
1490,1
1491,1
1492,1
1493,1
1494,1
1495,1
1496,1
1497,2
1498,1
1499,2
1500,2
1501,2
1502,2
1503,3
1504,3
1505,3
1506,3
1507,3
1508,2
1509,2
1510,3
1511,3
1512,2
1513,2
1514,3
1515,3
1516,3
1517,3
1518,3
1519,2
1520,2
1521,3
1522,3
1523,3
1524,3
1525,3
1526,3
1527,3
1528,6
1529,6
1530,6
1531,6
1532,5
1533,5
1534,5
1535,3
1536,3
1537,3
1538,5
1539,5
1540,5
1541,3
1542,3
1543,3
1544,3
1545,3
1546,3
1547,4
1548,3
1549,3
1550,3
1551,6
1552,6
1553,6
1554,6
1555,6
1556,6
1557,6
1558,6
1559,6
1560,6
1561,6
1562,6
1563,6
1564,6
1565,6
1566,6
1567,6
1568,6
1569,6
1570,6
1571,6
1572,6
1573,6
1574,6
1575,6
1576,6
1577,6
1578,6
1579,6
1580,6
1581,6
1582,6
1583,6
1584,6
1585,6
1586,7
1587,7
1588,1
1589,1
1590,1
1591,1
1592,1
1593,1
1594,1
1595,1
1596,1
1597,1
1598,1
1599,1
1600,1
1601,1
1602,1
1603,2
1604,1
1605,2
1606,2
1607,2
1608,2
1609,3
1610,3
1611,3
1612,3
1613,3
1614,2
1615,2
1616,2
1617,2
1618,2
1619,3
1620,3
1621,3
1622,3
1623,3
1624,2
1625,2
1626,3
1627,3
1628,3
1629,3
1630,3
1631,3
1632,3
1633,3
1634,3
1635,3
1636,3
1637,6
1638,6
1639,6
1640,3
1641,3
1642,3
1643,3
1644,3
1645,3
1646,3
1647,3
1648,3
1649,3
1650,3
1651,3
1652,3
1653,3
1654,3
1655,3
1656,7
1657,7
1658,7
1659,6
1660,6
1661,6
1662,6
1663,6
1664,6
1665,6
1666,6
1667,6
1668,6
1669,6
1670,6
1671,6
1672,6
1673,6
1674,6
1675,6
1676,6
1677,6
1678,6
1679,6
1680,6
1681,6
1682,6
1683,6
1684,7
1685,7
1686,7
1687,7
1688,7
1689,6
1690,1
1691,1
1692,1
1693,1
1694,1
1695,1
1696,1
1697,1
1698,1
1699,1
1700,1
1701,1
1702,1
1703,1
1704,1
1705,1
1706,2
1707,1
1708,2
1709,2
1710,2
1711,2
1712,3
1713,3
1714,3
1715,3
1716,3
1717,2
1718,2
1719,3
1720,3
1721,2
1722,2
1723,3
1724,3
1725,3
1726,3
1727,2
1728,2
1729,3
1730,3
1731,3
1732,3
1733,3
1734,3
1735,3
1736,7
1737,7
1738,7
1739,7
1740,3
1741,3
1742,3
1743,3
1744,3
1745,3
1746,3
1747,3
1748,3
1749,3
1750,3
1751,3
1752,3
1753,3
1754,3
1755,3
1756,7
1757,7
1758,7
1759,7
1760,6
1761,7
1762,6
1763,6
1764,6
1765,6
1766,6
1767,6
1768,6
1769,6
1770,6
1771,6
1772,6
1773,6
1774,6
1775,6
1776,6
1777,6
1778,6
1779,6
1780,6
1781,6
1782,7
1783,7
1784,7
1785,7
1786,7
1787,7
1788,7
1789,7
1790,1
1791,1
1792,1
1793,1
1794,1
1795,1
1796,1
1797,1
1798,1
1799,1
1800,1
1801,1
1802,1
1803,1
1804,1
1805,2
1806,1
1807,2
1808,2
1809,2
1810,2
1811,3
1812,3
1813,3
1814,3
1815,3
1816,2
1817,2
1818,2
1819,2
1820,3
1821,3
1822,3
1823,3
1824,3
1825,2
1826,2
1827,3
1828,3
1829,3
1830,3
1831,3
1832,3
1833,3
1834,3
1835,3
1836,3
1837,7
1838,7
1839,7
1840,3
1841,3
1842,3
1843,3
1844,3
1845,3
1846,3
1847,3
1848,3
1849,3
1850,3
1851,3
1852,3
1853,3
1854,7
1855,7
1856,7
1857,7
1858,7
1859,7
1860,7
1861,7
1862,6
1863,6
1864,6
1865,6
1866,6
1867,6
1868,6
1869,6
1870,6
1871,6
1872,6
1873,6
1874,6
1875,6
1876,6
1877,7
1878,7
1879,7
1880,7
1881,7
1882,7
1883,7
1884,7
1885,7
1886,1
1887,1
1888,1
1889,1
1890,1
1891,1
1892,1
1893,1
1894,1
1895,1
1896,1
1897,1
1898,1
1899,2
1900,1
1901,2
1902,2
1903,2
1904,2
1905,3
1906,3
1907,3
1908,3
1909,3
1910,3
1911,3
1912,3
1913,2
1914,3
1915,3
1916,2
1917,2
1918,3
1919,3
1920,3
1921,3
1922,3
1923,2
1924,2
1925,3
1926,3
1927,3
1928,3
1929,3
1930,3
1931,7
1932,7
1933,7
1934,7
1935,3
1936,3
1937,3
1938,3
1939,3
1940,3
1941,3
1942,3
1943,3
1944,3
1945,3
1946,3
1947,3
1948,3
1949,7
1950,7
1951,7
1952,7
1953,7
1954,7
1955,7
1956,7
1957,7
1958,7
1959,7
1960,6
1961,6
1962,6
1963,6
1964,6
1965,6
1966,6
1967,6
1968,6
1969,7
1970,7
1971,7
1972,7
1973,7
1974,7
1975,7
1976,7
1977,7
1978,7
1979,7
1980,1
1981,1
1982,1
1983,1
1984,1
1985,1
1986,1
1987,1
1988,1
1989,1
1990,1
1991,1
1992,1
1993,2
1994,1
1995,2
1996,2
1997,2
1998,2
1999,3
2000,3
2001,3
2002,3
2003,3
2004,3
2005,3
2006,3
2007,3
2008,3
2009,2
2010,2
2011,2
2012,3
2013,3
2014,3
2015,3
2016,2
2017,2
2018,3
2019,3
2020,3
2021,3
2022,3
2023,3
2024,3
2025,3
2026,7
2027,7
2028,7
2029,3
2030,3
2031,3
2032,3
2033,3
2034,3
2035,3
2036,3
2037,3
2038,3
2039,3
2040,3
2041,3
2042,3
2043,7
2044,7
2045,7
2046,7
2047,7
2048,7
2049,7
2050,7
2051,7
2052,7
2053,7
2054,7
2055,7
2056,7
2057,6
2058,7
2059,6
2060,6
2061,6
2062,7
2063,7
2064,7
2065,7
2066,7
2067,7
2068,7
2069,7
2070,7
2071,7
2072,7
2073,1
2074,1
2075,1
2076,1
2077,1
2078,1
2079,1
2080,1
2081,1
2082,1
2083,1
2084,2
2085,1
2086,2
2087,2
2088,2
2089,2
2090,3
2091,3
2092,3
2093,3
2094,3
2095,3
2096,3
2097,3
2098,2
2099,3
2100,3
2101,2
2102,2
2103,3
2104,3
2105,3
2106,3
2107,3
2108,2
2109,2
2110,3
2111,3
2112,3
2113,3
2114,3
2115,7
2116,7
2117,7
2118,7
2119,3
2120,3
2121,3
2122,3
2123,3
2124,3
2125,3
2126,3
2127,3
2128,3
2129,3
2130,3
2131,3
2132,3
2133,7
2134,7
2135,7
2136,7
2137,7
2138,7
2139,7
2140,7
2141,7
2142,7
2143,7
2144,7
2145,7
2146,7
2147,7
2148,7
2149,7
2150,7
2151,7
2152,7
2153,7
2154,7
2155,7
2156,7
2157,7
2158,7
2159,7
2160,7
2161,1
2162,1
2163,1
2164,1
2165,1
2166,1
2167,1
2168,1
2169,1
2170,1
2171,2
2172,1
2173,2
2174,2
2175,2
2176,2
2177,3
2178,3
2179,3
2180,3
2181,3
2182,3
2183,3
2184,3
2185,2
2186,2
2187,2
2188,3
2189,3
2190,3
2191,3
2192,2
2193,2
2194,3
2195,3
2196,3
2197,3
2198,3
2199,3
2200,7
2201,7
2202,7
2203,3
2204,3
2205,3
2206,3
2207,3
2208,3
2209,3
2210,3
2211,3
2212,3
2213,3
2214,3
2215,3
2216,3
2217,7
2218,7
2219,7
2220,7
2221,7
2222,7
2223,7
2224,7
2225,7
2226,7
2227,7
2228,7
2229,7
2230,7
2231,7
2232,7
2233,7
2234,7
2235,7
2236,7
2237,7
2238,7
2239,7
2240,7
2241,7
2242,7
2243,7
2244,1
2245,1
2246,1
2247,1
2248,1
2249,1
2250,1
2251,1
2252,1
2253,1
2254,2
2255,2
2256,1
2257,2
2258,2
2259,2
2260,2
2261,3
2262,3
2263,3
2264,3
2265,3
2266,3
2267,3
2268,3
2269,3
2270,3
2271,3
2272,3
2273,3
2274,3
2275,2
2276,3
2277,2
2278,2
2279,3
2280,3
2281,3
2282,3
2283,2
2284,2
2285,3
2286,3
2287,3
2288,7
2289,7
2290,7
2291,7
2292,3
2293,3
2294,3
2295,3
2296,3
2297,3
2298,3
2299,3
2300,3
2301,3
2302,3
2303,3
2304,3
2305,3
2306,7
2307,7
2308,7
2309,7
2310,7
2311,7
2312,7
2313,7
2314,7
2315,7
2316,7
2317,7
2318,7
2319,7
2320,7
2321,7
2322,7
2323,7
2324,7
2325,7
2326,7
2327,7
2328,7
2329,7
2330,7
2331,7
2332,1
2333,1
2334,1
2335,1
2336,1
2337,1
2338,1
2339,1
2340,2
2341,1
2342,1
2343,2
2344,2
2345,2
2346,2
2347,2
2348,3
2349,3
2350,3
2351,3
2352,3
2353,3
2354,3
2355,3
2356,3
2357,3
2358,2
2359,2
2360,2
2361,3
2362,3
2363,3
2364,2
2365,2
2366,3
2367,3
2368,3
2369,3
2370,7
2371,7
2372,7
2373,3
2374,3
2375,3
2376,3
2377,3
2378,3
2379,3
2380,3
2381,3
2382,3
2383,3
2384,3
2385,3
2386,3
2387,7
2388,7
2389,7
2390,7
2391,7
2392,7
2393,7
2394,7
2395,7
2396,7
2397,7
2398,7
2399,7
2400,7
2401,7
2402,7
2403,7
2404,7
2405,7
2406,7
2407,7
2408,7
2409,7
2410,7
2411,7
2412,7
2413,1
2414,1
2415,1
2416,1
2417,1
2418,1
2419,1
2420,1
2421,1
2422,2
2423,1
2424,2
2425,2
2426,2
2427,2
2428,3
2429,3
2430,3
2431,3
2432,3
2433,3
2434,3
2435,3
2436,3
2437,3
2438,3
2439,2
2440,3
2441,2
2442,2
2443,3
2444,3
2445,3
2446,3
2447,2
2448,2
2449,3
2450,7
2451,7
2452,7
2453,7
2454,3
2455,3
2456,3
2457,3
2458,3
2459,3
2460,3
2461,3
2462,3
2463,3
2464,3
2465,3
2466,3
2467,3
2468,7
2469,7
2470,7
2471,7
2472,7
2473,7
2474,7
2475,7
2476,7
2477,7
2478,7
2479,7
2480,7
2481,7
2482,7
2483,7
2484,7
2485,7
2486,7
2487,7
2488,7
2489,7
2490,7
2491,7
2492,7
2493,1
2494,1
2495,1
2496,1
2497,1
2498,1
2499,2
2500,1
2501,2
2502,2
2503,2
2504,2
2505,2
2506,2
2507,3
2508,3
2509,3
2510,3
2511,3
2512,3
2513,3
2514,3
2515,3
2516,3
2517,3
2518,3
2519,2
2520,2
2521,2
2522,3
2523,3
2524,3
2525,2
2526,2
2527,3
2528,3
2529,7
2530,7
2531,7
2532,3
2533,3
2534,3
2535,3
2536,3
2537,3
2538,3
2539,3
2540,3
2541,3
2542,3
2543,3
2544,3
2545,3
2546,7
2547,7
2548,7
2549,7
2550,7
2551,7
2552,7
2553,7
2554,7
2555,7
2556,7
2557,7
2558,7
2559,7
2560,7
2561,7
2562,7
2563,7
2564,7
2565,7
2566,7
2567,7
2568,7
2569,1
2570,1
2571,1
2572,1
2573,1
2574,1
2575,2
2576,2
2577,1
2578,2
2579,2
2580,2
2581,2
2582,3
2583,3
2584,3
2585,3
2586,3
2587,3
2588,3
2589,3
2590,3
2591,3
2592,3
2593,3
2594,3
2595,2
2596,3
2597,3
2598,2
2599,2
2600,3
2601,3
2602,2
2603,2
2604,2
2605,7
2606,7
2607,7
2608,3
2609,3
2610,3
2611,3
2612,3
2613,3
2614,3
2615,3
2616,3
2617,3
2618,3
2619,3
2620,3
2621,3
2622,3
2623,7
2624,7
2625,7
2626,7
2627,7
2628,7
2629,7
2630,7
2631,7
2632,7
2633,7
2634,7
2635,7
2636,7
2637,7
2638,7
2639,7
2640,7
2641,7
2642,7
2643,7
2644,7
2645,7
2646,1
2647,1
2648,1
2649,2
2650,1
2651,2
2652,2
2653,2
2654,2
2655,2
2656,3
2657,3
2658,3
2659,3
2660,3
2661,3
2662,3
2663,3
2664,3
2665,3
2666,3
2667,3
2668,3
2669,3
2670,3
2671,3
2672,3
2673,2
2674,2
2675,2
2676,3
2677,3
2678,3
2679,2
2680,7
2681,7
2682,7
2683,3
2684,3
2685,3
2686,3
2687,3
2688,3
2689,3
2690,3
2691,3
2692,3
2693,3
2694,3
2695,3
2696,3
2697,7
2698,7
2699,7
2700,7
2701,7
2702,7
2703,7
2704,7
2705,7
2706,7
2707,7
2708,7
2709,7
2710,7
2711,7
2712,7
2713,7
2714,7
2715,7
2716,7
2717,7
2718,7
2719,7
2720,1
2721,2
2722,2
2723,2
2724,2
2725,2
2726,2
2727,3
2728,3
2729,3
2730,3
2731,3
2732,3
2733,3
2734,3
2735,3
2736,3
2737,3
2738,3
2739,3
2740,3
2741,3
2742,2
2743,3
2744,3
2745,2
2746,2
2747,2
2748,2
2749,7
2750,7
2751,7
2752,3
2753,3
2754,3
2755,3
2756,3
2757,3
2758,3
2759,3
2760,3
2761,3
2762,3
2763,3
2764,3
2765,3
2766,3
2767,7
2768,7
2769,7
2770,7
2771,7
2772,7
2773,7
2774,7
2775,7
2776,7
2777,7
2778,7
2779,7
2780,7
2781,7
2782,7
2783,7
2784,7
2785,7
2786,2
2787,2
2788,2
2789,2
2790,2
2791,3
2792,3
2793,3
2794,3
2795,3
2796,3
2797,3
2798,3
2799,3
2800,3
2801,3
2802,3
2803,3
2804,3
2805,3
2806,3
2807,2
2808,2
2809,2
2810,3
2811,2
2812,2
2813,7
2814,7
2815,7
2816,3
2817,3
2818,3
2819,3
2820,3
2821,3
2822,3
2823,3
2824,3
2825,3
2826,3
2827,3
2828,3
2829,3
2830,7
2831,7
2832,7
2833,7
2834,7
2835,7
2836,7
2837,7
2838,7
2839,7
2840,7
2841,7
2842,7
2843,7
2844,7
2845,7
2846,7
2847,2
2848,2
2849,2
2850,2
2851,3
2852,3
2853,3
2854,3
2855,3
2856,3
2857,3
2858,3
2859,3
2860,3
2861,3
2862,3
2863,3
2864,3
2865,3
2866,3
2867,3
2868,3
2869,2
2870,2
2871,2
2872,7
2873,7
2874,7
2875,3
2876,3
2877,3
2878,3
2879,3
2880,3
2881,3
2882,3
2883,3
2884,3
2885,3
2886,3
2887,3
2888,3
2889,3
2890,7
2891,7
2892,7
2893,7
2894,7
2895,7
2896,7
2897,7
2898,7
2899,7
2900,7
2901,7
2902,7
2903,7
2904,7
2905,7
2906,7
2907,7
2908,2
2909,2
2910,3
2911,3
2912,3
2913,3
2914,3
2915,3
2916,3
2917,3
2918,3
2919,3
2920,3
2921,3
2922,3
2923,3
2924,3
2925,3
2926,3
2927,3
2928,3
2929,2
2930,2
2931,2
2932,2
2933,2
2934,7
2935,7
2936,3
2937,3
2938,3
2939,3
2940,3
2941,3
2942,3
2943,3
2944,3
2945,3
2946,3
2947,3
2948,3
2949,3
2950,3
2951,7
2952,7
2953,7
2954,7
2955,7
2956,7
2957,7
2958,7
2959,7
2960,7
2961,7
2962,7
2963,7
2964,7
2965,7
2966,7
2967,7
2968,2
2969,3
2970,3
2971,3
2972,3
2973,3
2974,3
2975,3
2976,3
2977,3
2978,3
2979,3
2980,3
2981,3
2982,3
2983,3
2984,3
2985,3
2986,3
2987,3
2988,3
2989,2
2990,2
2991,7
2992,7
2993,7
2994,3
2995,3
2996,3
2997,3
2998,3
2999,3
3000,3
3001,3
3002,3
3003,3
3004,3
3005,3
3006,3
3007,3
3008,3
3009,7
3010,7
3011,7
3012,7
3013,7
3014,7
3015,7
3016,7
3017,7
3018,7
3019,7
3020,7
3021,7
3022,7
3023,3
3024,3
3025,3
3026,3
3027,3
3028,3
3029,3
3030,3
3031,3
3032,3
3033,3
3034,3
3035,3
3036,3
3037,3
3038,3
3039,3
3040,3
3041,3
3042,3
3043,3
3044,2
3045,7
3046,7
3047,3
3048,3
3049,3
3050,3
3051,3
3052,3
3053,3
3054,3
3055,3
3056,3
3057,3
3058,3
3059,3
3060,3
3061,3
3062,7
3063,7
3064,7
3065,7
3066,7
3067,7
3068,7
3069,7
3070,7
3071,7
3072,7
3073,7
3074,7
3075,7
3076,3
3077,3
3078,3
3079,3
3080,3
3081,3
3082,3
3083,3
3084,3
3085,3
3086,3
3087,3
3088,3
3089,3
3090,3
3091,3
3092,3
3093,3
3094,3
3095,7
3096,7
3097,7
3098,3
3099,3
3100,3
3101,3
3102,3
3103,3
3104,3
3105,3
3106,3
3107,3
3108,3
3109,3
3110,3
3111,3
3112,3
3113,3
3114,7
3115,7
3116,7
3117,7
3118,7
3119,7
3120,7
3121,7
3122,7
3123,7
3124,7
3125,7
3126,7
3127,7
3128,7
3129,7
3130,3
3131,3
3132,3
3133,3
3134,3
3135,3
3136,3
3137,3
3138,3
3139,3
3140,3
3141,3
3142,3
3143,3
3144,3
3145,3
3146,3
3147,3
3148,3
3149,3
3150,3
3151,3
3152,3
3153,7
3154,7
3155,3
3156,3
3157,3
3158,3
3159,3
3160,3
3161,3
3162,3
3163,3
3164,3
3165,3
3166,3
3167,3
3168,3
3169,3
3170,7
3171,7
3172,7
3173,7
3174,7
3175,7
3176,7
3177,7
3178,7
3179,7
3180,7
3181,7
3182,3
3183,3
3184,3
3185,3
3186,3
3187,3
3188,3
3189,3
3190,3
3191,3
3192,3
3193,3
3194,3
3195,3
3196,3
3197,3
3198,3
3199,3
3200,7
3201,7
3202,3
3203,3
3204,3
3205,3
3206,3
3207,3
3208,3
3209,3
3210,3
3211,3
3212,3
3213,3
3214,3
3215,3
3216,3
3217,3
3218,3
3219,3
3220,3
3221,3
3222,3
3223,7
3224,7
3225,7
3226,7
3227,7
3228,7
3229,7
3230,7
3231,7
3232,7
3233,7
3234,7
3235,7
3236,7
3237,7
3238,7
3239,3
3240,3
3241,3
3242,3
3243,3
3244,3
3245,3
3246,3
3247,3
3248,3
3249,3
3250,3
3251,3
3252,3
3253,3
3254,3
3255,3
3256,3
3257,3
3258,7
3259,7
3260,3
3261,3
3262,3
3263,3
3264,3
3265,3
3266,3
3267,3
3268,3
3269,3
3270,3
3271,3
3272,3
3273,3
3274,3
3275,7
3276,7
3277,7
3278,7
3279,7
3280,7
3281,7
3282,7
3283,7
3284,7
3285,3
3286,3
3287,3
3288,3
3289,3
3290,3
3291,3
3292,3
3293,3
3294,3
3295,3
3296,3
3297,3
3298,3
3299,3
3300,3
3301,3
3302,7
3303,7
3304,7
3305,3
3306,3
3307,3
3308,3
3309,3
3310,3
3311,3
3312,3
3313,3
3314,3
3315,3
3316,3
3317,3
3318,3
3319,3
3320,3
3321,3
3322,3
3323,3
3324,7
3325,7
3326,7
3327,7
3328,7
3329,7
3330,7
3331,7
3332,7
3333,7
3334,7
3335,7
3336,7
3337,7
3338,7
3339,3
3340,3
3341,3
3342,3
3343,3
3344,3
3345,3
3346,3
3347,3
3348,3
3349,3
3350,3
3351,3
3352,3
3353,3
3354,3
3355,3
3356,3
3357,3
3358,7
3359,3
3360,3
3361,3
3362,3
3363,3
3364,3
3365,3
3366,3
3367,3
3368,3
3369,3
3370,3
3371,3
3372,3
3373,3
3374,3
3375,7
3376,7
3377,7
3378,7
3379,7
3380,7
3381,7
3382,7
3383,7
3384,3
3385,3
3386,3
3387,3
3388,3
3389,3
3390,3
3391,3
3392,3
3393,3
3394,3
3395,3
3396,3
3397,3
3398,3
3399,3
3400,3
3401,3
3402,3
3403,3
3404,3
3405,3
3406,3
3407,3
3408,3
3409,3
3410,3
3411,3
3412,3
3413,7
3414,7
3415,7
3416,7
3417,7
3418,7
3419,7
3420,7
3421,7
3422,7
3423,7
3424,7
3425,7
3426,3
3427,3
3428,3
3429,3
3430,3
3431,3
3432,3
3433,3
3434,3
3435,3
3436,3
3437,3
3438,3
3439,3
3440,3
3441,3
3442,3
3443,3
3444,3
3445,3
3446,3
3447,3
3448,3
3449,3
3450,3
3451,3
3452,3
3453,3
3454,3
3455,7
3456,7
3457,7
3458,7
3459,7
3460,7
3461,7
3462,7
3463,7
3464,3
3465,3
3466,3
3467,3
3468,3
3469,3
3470,3
3471,3
3472,3
3473,3
3474,3
3475,3
3476,3
3477,3
3478,3
3479,3
3480,3
3481,3
3482,3
3483,3
3484,3
3485,3
3486,3
3487,3
3488,3
3489,3
3490,3
3491,3
3492,7
3493,7
3494,7
3495,7
3496,7
3497,7
3498,7
3499,7
3500,7
3501,3
3502,3
3503,3
3504,3
3505,3
3506,3
3507,3
3508,3
3509,3
3510,3
3511,3
3512,3
3513,3
3514,3
3515,3
3516,3
3517,3
3518,3
3519,3
3520,3
3521,3
3522,3
3523,3
3524,3
3525,7
3526,7
3527,7
3528,7
3529,7
3530,7
3531,3
3532,3
3533,3
3534,3
3535,3
3536,3
3537,3
3538,3
3539,3
3540,3
3541,3
3542,3
3543,3
3544,3
3545,3
3546,3
3547,3
3548,3
3549,3
3550,3
3551,3
3552,3
3553,3
3554,7
3555,7
3556,7
3557,7
3558,7
3559,3
3560,3
3561,3
3562,3
3563,3
3564,3
3565,3
3566,3
3567,3
3568,3
3569,3
3570,3
3571,3
3572,3
3573,3
3574,3
3575,3
3576,3
3577,3
3578,3
3579,3
3580,3
3581,3
3582,3
3583,3
3584,3
3585,3
3586,3
3587,3
3588,3
3589,3
3590,3
3591,3
3592,3
3593,3
3594,3
3595,3
3596,3
3597,3
3598,3
3599,3
3600,3
3601,3
3602,3
3603,3
3604,3
3605,3
3606,3
3607,3
3608,3
3609,3
3610,3
3611,3
3612,3
3613,3
3614,3
3615,3
3616,3
3617,3
3618,3
3619,3
3620,3
3621,3
3622,3
3623,3
3624,3
3625,3
3626,3
3627,3
3628,3
3629,3
3630,3
3631,3
3632,3
3633,4
3634,4
3635,4
3636,4
3637,4
3638,2
3639,4
3640,1
3641,4
3642,4
3643,1
3644,1
3645,1
3646,1
3647,4
3648,4
3649,1
3650,1
3651,5
3652,5
3653,5
3654,5
3655,5
3656,5
3657,4
3658,6
3659,6
3660,6
3661,6
3662,6
3663,6
3664,6
3665,1
3666,1
3667,5
3668,6
3669,6
3670,5
3671,5
3672,5
3673,5
3674,5
3675,5
3676,5
3677,4
3678,6
3679,6
3680,1
3681,1
3682,1
3683,4
3684,4
3685,4
3686,4
3687,6
3688,6
3689,6
3690,6
3691,6
3692,4
3693,4
3694,6
3695,6
3696,6
3697,6
3698,4
3699,4
3700,4
3701,6
3702,6
3703,6
3704,6
3705,6
3706,6
3707,6
3708,6
3709,6
3710,6
3711,1
3712,6
3713,6
3714,6
3715,4
3716,4
3717,4
3718,4
3719,4
3720,4
3721,4
3722,4
3723,4
3724,4
3725,4
3726,4
3727,4
3728,4
3729,4
3730,4
3731,4
3732,4
3733,4
3734,4
3735,4
3736,4
3737,4
3738,4
3739,4
3740,4
3741,4
3742,1
3743,2
3744,2
3745,2
3746,4
3747,2
3748,4
3749,4
3750,4
3751,4
3752,4
3753,4
3754,4
3755,4
3756,4
3757,4
3758,4
3759,4
3760,4
3761,4
3762,4
3763,4
3764,1
3765,1
3766,1
3767,2
3768,2
3769,2
3770,4
3771,2
3772,4
3773,4
3774,4
3775,4
3776,4
3777,4
3778,4
3779,4
3780,4
3781,4
3782,4
3783,4
3784,4
3785,4
3786,4
3787,1
3788,1
3789,1
3790,1
3791,1
3792,1
3793,2
3794,2
3795,2
3796,2
3797,2
3798,4
3799,4
3800,4
3801,4
3802,2
3803,4
3804,4
3805,4
3806,4
3807,4
3808,4
3809,4
3810,4
3811,4
3812,4
3813,4
3814,4
3815,4
3816,4
3817,4
3818,4
3819,1
3820,1
3821,1
3822,1
3823,1
3824,1
3825,1
3826,1
3827,1
3828,1
3829,2
3830,1
3831,1
3832,2
3833,2
3834,2
3835,2
3836,2
3837,4
3838,4
3839,4
3840,4
3841,2
3842,4
3843,4
3844,4
3845,4
3846,4
3847,4
3848,4
3849,4
3850,4
3851,4
3852,4
3853,4
3854,4
3855,4
3856,4
3857,4
3858,1
3859,1
3860,1
3861,1
3862,1
3863,1
3864,1
3865,1
3866,1
3867,1
3868,1
3869,1
3870,1
3871,1
3872,1
3873,2
3874,1
3875,2
3876,2
3877,2
3878,2
3879,4
3880,4
3881,4
3882,4
3883,2
3884,4
3885,2
3886,4
3887,4
3888,4
3889,4
3890,4
3891,6
3892,6
3893,6
3894,5
3895,5
3896,5
3897,5
3898,5
3899,5
3900,5
3901,5
3902,5
3903,5
3904,5
3905,5
3906,5
3907,5
3908,5
3909,5
3910,4
3911,5
3912,4
3913,4
3914,4
3915,4
3916,4
3917,4
3918,4
3919,4
3920,4
3921,4
3922,4
3923,6
3924,6
3925,6
3926,6
3927,6
3928,6
3929,6
3930,6
3931,6
3932,6
3933,6
3934,6
3935,6
3936,6
3937,6
3938,1
3939,1
3940,1
3941,1
3942,1
3943,1
3944,1
3945,1
3946,1
3947,1
3948,1
3949,1
3950,1
3951,1
3952,1
3953,1
3954,1
3955,2
3956,2
3957,1
3958,2
3959,2
3960,2
3961,2
3962,2
3963,4
3964,4
3965,2
3966,4
3967,2
3968,2
3969,4
3970,2
3971,4
3972,4
3973,4
3974,4
3975,4
3976,4
3977,4
3978,6
3979,6
3980,6
3981,5
3982,5
3983,6
3984,5
3985,5
3986,5
3987,5
3988,5
3989,5
3990,5
3991,5
3992,5
3993,5
3994,5
3995,5
3996,5
3997,5
3998,5
3999,5
4000,5
4001,5
4002,5
4003,4
4004,4
4005,5
4006,4
4007,4
4008,4
4009,4
4010,4
4011,4
4012,4
4013,4
4014,4
4015,4
4016,4
4017,4
4018,4
4019,4
4020,4
4021,6
4022,6
4023,6
4024,6
4025,6
4026,6
4027,6
4028,6
4029,6
4030,6
4031,6
4032,6
4033,6
4034,1
4035,1
4036,1
4037,1
4038,1
4039,1
4040,1
4041,1
4042,1
4043,1
4044,1
4045,1
4046,1
4047,1
4048,1
4049,1
4050,1
4051,1
4052,1
4053,1
4054,1
4055,1
4056,1
4057,2
4058,1
4059,1
4060,2
4061,2
4062,2
4063,2
4064,2
4065,4
4066,4
4067,4
4068,4
4069,2
4070,4
4071,2
4072,2
4073,4
4074,2
4075,4
4076,4
4077,4
4078,4
4079,4
4080,6
4081,6
4082,6
4083,6
4084,5
4085,5
4086,5
4087,5
4088,5
4089,5
4090,5
4091,5
4092,5
4093,5
4094,5
4095,5
4096,5
4097,5
4098,5
4099,5
4100,5
4101,5
4102,4
4103,4
4104,5
4105,4
4106,4
4107,4
4108,4
4109,4
4110,4
4111,4
4112,4
4113,4
4114,4
4115,4
4116,4
4117,4
4118,4
4119,4
4120,4
4121,4
4122,4
4123,4
4124,4
4125,6
4126,6
4127,6
4128,6
4129,6
4130,6
4131,6
4132,6
4133,6
4134,6
4135,6
4136,6
4137,6
4138,6
4139,6
4140,6
4141,6
4142,6
4143,6
4144,6
4145,6
4146,6
4147,6
4148,1
4149,1
4150,1
4151,1
4152,1
4153,1
4154,1
4155,1
4156,1
4157,1
4158,1
4159,1
4160,1
4161,1
4162,1
4163,1
4164,1
4165,1
4166,1
4167,1
4168,1
4169,1
4170,1
4171,1
4172,1
4173,2
4174,1
4175,2
4176,2
4177,2
4178,2
4179,2
4180,2
4181,4
4182,4
4183,4
4184,2
4185,2
4186,4
4187,2
4188,2
4189,4
4190,2
4191,4
4192,4
4193,4
4194,4
4195,4
4196,6
4197,6
4198,5
4199,5
4200,5
4201,5
4202,5
4203,5
4204,5
4205,5
4206,5
4207,5
4208,5
4209,5
4210,5
4211,5
4212,5
4213,4
4214,4
4215,4
4216,4
4217,4
4218,5
4219,4
4220,4
4221,4
4222,4
4223,4
4224,4
4225,4
4226,4
4227,4
4228,4
4229,4
4230,4
4231,4
4232,4
4233,4
4234,4
4235,4
4236,4
4237,4
4238,4
4239,4
4240,4
4241,4
4242,4
4243,4
4244,6
4245,6
4246,6
4247,6
4248,6
4249,6
4250,6
4251,6
4252,6
4253,6
4254,6
4255,6
4256,6
4257,6
4258,6
4259,6
4260,6
4261,6
4262,6
4263,6
4264,6
4265,6
4266,6
4267,6
4268,1
4269,1
4270,1
4271,1
4272,1
4273,1
4274,1
4275,1
4276,1
4277,1
4278,1
4279,1
4280,1
4281,1
4282,1
4283,1
4284,1
4285,1
4286,1
4287,1
4288,1
4289,1
4290,1
4291,1
4292,2
4293,1
4294,2
4295,2
4296,2
4297,2
4298,2
4299,2
4300,4
4301,4
4302,4
4303,3
4304,2
4305,4
4306,2
4307,2
4308,2
4309,2
4310,4
4311,2
4312,4
4313,4
4314,4
4315,4
4316,4
4317,6
4318,6
4319,6
4320,5
4321,5
4322,5
4323,5
4324,5
4325,5
4326,5
4327,5
4328,5
4329,5
4330,5
4331,5
4332,5
4333,5
4334,5
4335,4
4336,4
4337,4
4338,5
4339,4
4340,4
4341,4
4342,4
4343,4
4344,4
4345,4
4346,4
4347,4
4348,4
4349,4
4350,4
4351,4
4352,4
4353,4
4354,4
4355,4
4356,4
4357,4
4358,4
4359,4
4360,4
4361,4
4362,4
4363,4
4364,4
4365,4
4366,4
4367,6
4368,6
4369,6
4370,6
4371,6
4372,6
4373,6
4374,6
4375,6
4376,6
4377,6
4378,6
4379,6
4380,6
4381,6
4382,6
4383,6
4384,6
4385,6
4386,6
4387,6
4388,6
4389,6
4390,6
4391,6
4392,6
4393,6
4394,6
4395,6
4396,6
4397,6
4398,6
4399,1
4400,1
4401,1
4402,1
4403,1
4404,1
4405,1
4406,1
4407,1
4408,1
4409,1
4410,1
4411,1
4412,1
4413,1
4414,1
4415,1
4416,1
4417,1
4418,1
4419,1
4420,1
4421,2
4422,1
4423,2
4424,2
4425,2
4426,2
4427,2
4428,2
4429,3
4430,4
4431,3
4432,3
4433,2
4434,2
4435,2
4436,2
4437,2
4438,2
4439,4
4440,3
4441,4
4442,3
4443,4
4444,3
4445,4
4446,4
4447,4
4448,4
4449,4
4450,6
4451,6
4452,5
4453,5
4454,5
4455,5
4456,5
4457,5
4458,5
4459,5
4460,5
4461,5
4462,5
4463,5
4464,5
4465,5
4466,5
4467,5
4468,5
4469,4
4470,4
4471,4
4472,4
4473,4
4474,4
4475,5
4476,4
4477,4
4478,4
4479,4
4480,4
4481,4
4482,4
4483,4
4484,4
4485,4
4486,4
4487,4
4488,4
4489,4
4490,4
4491,4
4492,4
4493,4
4494,4
4495,4
4496,4
4497,6
4498,6
4499,6
4500,6
4501,6
4502,6
4503,6
4504,6
4505,6
4506,6
4507,6
4508,6
4509,6
4510,6
4511,6
4512,6
4513,6
4514,6
4515,6
4516,6
4517,6
4518,6
4519,6
4520,6
4521,6
4522,6
4523,6
4524,6
4525,6
4526,6
4527,6
4528,6
4529,6
4530,6
4531,6
4532,6
4533,6
4534,6
4535,1
4536,1
4537,1
4538,1
4539,1
4540,1
4541,1
4542,1
4543,1
4544,1
4545,1
4546,1
4547,1
4548,1
4549,1
4550,1
4551,1
4552,1
4553,1
4554,1
4555,2
4556,1
4557,2
4558,2
4559,2
4560,2
4561,2
4562,2
4563,2
4564,3
4565,3
4566,3
4567,3
4568,2
4569,2
4570,3
4571,3
4572,2
4573,2
4574,2
4575,3
4576,3
4577,4
4578,3
4579,4
4580,3
4581,4
4582,4
4583,6
4584,6
4585,6
4586,5
4587,5
4588,5
4589,5
4590,5
4591,5
4592,5
4593,5
4594,5
4595,5
4596,5
4597,5
4598,5
4599,5
4600,4
4601,4
4602,4
4603,4
4604,5
4605,4
4606,4
4607,4
4608,4
4609,4
4610,4
4611,4
4612,4
4613,4
4614,6
4615,6
4616,6
4617,6
4618,6
4619,6
4620,6
4621,6
4622,6
4623,6
4624,6
4625,6
4626,6
4627,6
4628,6
4629,6
4630,6
4631,6
4632,6
4633,6
4634,6
4635,6
4636,6
4637,6
4638,6
4639,6
4640,6
4641,6
4642,6
4643,6
4644,6
4645,6
4646,6
4647,6
4648,6
4649,6
4650,6
4651,6
4652,6
4653,6
4654,6
4655,6
4656,6
4657,6
4658,6
4659,1
4660,1
4661,1
4662,1
4663,1
4664,1
4665,1
4666,1
4667,1
4668,1
4669,1
4670,1
4671,1
4672,1
4673,1
4674,1
4675,1
4676,1
4677,1
4678,2
4679,1
4680,2
4681,2
4682,2
4683,2
4684,2
4685,2
4686,2
4687,2
4688,3
4689,3
4690,3
4691,3
4692,2
4693,2
4694,2
4695,2
4696,2
4697,3
4698,3
4699,3
4700,3
4701,2
4702,3
4703,3
4704,3
4705,3
4706,4
4707,3
4708,6
4709,6
4710,5
4711,5
4712,5
4713,5
4714,5
4715,5
4716,5
4717,5
4718,5
4719,5
4720,5
4721,5
4722,5
4723,5
4724,5
4725,5
4726,5
4727,4
4728,4
4729,4
4730,4
4731,4
4732,5
4733,4
4734,4
4735,4
4736,4
4737,4
4738,6
4739,6
4740,6
4741,6
4742,6
4743,6
4744,6
4745,6
4746,6
4747,6
4748,6
4749,6
4750,6
4751,6
4752,6
4753,6
4754,6
4755,6
4756,6
4757,6
4758,6
4759,6
4760,6
4761,6
4762,6
4763,6
4764,6
4765,6
4766,6
4767,6
4768,6
4769,6
4770,6
4771,6
4772,6
4773,6
4774,6
4775,6
4776,6
4777,6
4778,1
4779,1
4780,1
4781,1
4782,1
4783,1
4784,1
4785,1
4786,1
4787,1
4788,1
4789,1
4790,1
4791,1
4792,1
4793,1
4794,1
4795,1
4796,1
4797,1
4798,2
4799,1
4800,2
4801,2
4802,2
4803,2
4804,2
4805,2
4806,3
4807,3
4808,3
4809,3
4810,3
4811,2
4812,2
4813,3
4814,3
4815,2
4816,2
4817,2
4818,3
4819,3
4820,3
4821,3
4822,2
4823,2
4824,3
4825,3
4826,3
4827,3
4828,4
4829,3
4830,6
4831,6
4832,6
4833,5
4834,5
4835,5
4836,5
4837,5
4838,5
4839,5
4840,5
4841,5
4842,5
4843,5
4844,5
4845,5
4846,5
4847,5
4848,4
4849,4
4850,4
4851,4
4852,4
4853,5
4854,4
4855,4
4856,4
4857,6
4858,6
4859,6
4860,6
4861,6
4862,6
4863,6
4864,6
4865,6
4866,6
4867,6
4868,6
4869,6
4870,6
4871,6
4872,6
4873,6
4874,6
4875,6
4876,6
4877,6
4878,6
4879,6
4880,6
4881,6
4882,6
4883,6
4884,6
4885,6
4886,6
4887,6
4888,6
4889,6
4890,6
4891,6
4892,6
4893,6
4894,6
4895,6
4896,6
4897,6
4898,6
4899,6
4900,1
4901,1
4902,1
4903,1
4904,1
4905,1
4906,1
4907,1
4908,1
4909,1
4910,1
4911,1
4912,1
4913,1
4914,1
4915,2
4916,1
4917,2
4918,2
4919,2
4920,2
4921,3
4922,3
4923,3
4924,3
4925,3
4926,2
4927,2
4928,2
4929,2
4930,2
4931,3
4932,3
4933,3
4934,3
4935,3
4936,2
4937,2
4938,3
4939,3
4940,3
4941,3
4942,3
4943,3
4944,3
4945,4
4946,3
4947,6
4948,6
4949,5
4950,5
4951,5
4952,5
4953,5
4954,5
4955,5
4956,5
4957,5
4958,5
4959,5
4960,5
4961,5
4962,5
4963,3
4964,5
4965,4
4966,4
4967,4
4968,3
4969,4
4970,6
4971,6
4972,6
4973,6
4974,6
4975,6
4976,6
4977,6
4978,6
4979,6
4980,6
4981,6
4982,6
4983,6
4984,6
4985,6
4986,6
4987,6
4988,6
4989,6
4990,6
4991,6
4992,6
4993,6
4994,6
4995,6
4996,6
4997,6
4998,6
4999,6
5000,6
5001,6
5002,6
5003,6
5004,6
5005,1
5006,1
5007,1
5008,1
5009,1
5010,1
5011,1
5012,1
5013,1
5014,1
5015,1
5016,1
5017,1
5018,1
5019,1
5020,1
5021,1
5022,1
5023,1
5024,2
5025,1
5026,2
5027,2
5028,2
5029,2
5030,3
5031,3
5032,3
5033,3
5034,3
5035,2
5036,2
5037,3
5038,3
5039,2
5040,2
5041,3
5042,3
5043,3
5044,3
5045,3
5046,2
5047,2
5048,3
5049,3
5050,3
5051,3
5052,3
5053,3
5054,3
5055,6
5056,6
5057,6
5058,6
5059,5
5060,5
5061,5
5062,3
5063,3
5064,3
5065,5
5066,5
5067,5
5068,3
5069,3
5070,3
5071,3
5072,3
5073,3
5074,4
5075,3
5076,3
5077,3
5078,6
5079,6
5080,6
5081,6
5082,6
5083,6
5084,6
5085,6
5086,6
5087,6
5088,6
5089,6
5090,6
5091,6
5092,6
5093,6
5094,6
5095,6
5096,6
5097,6
5098,6
5099,6
5100,6
5101,6
5102,6
5103,6
5104,6
5105,6
5106,6
5107,6
5108,6
5109,6
5110,6
5111,6
5112,6
5113,7
5114,7
5115,1
5116,1
5117,1
5118,1
5119,1
5120,1
5121,1
5122,1
5123,1
5124,1
5125,1
5126,1
5127,1
5128,1
5129,1
5130,2
5131,1
5132,2
5133,2
5134,2
5135,2
5136,3
5137,3
5138,3
5139,3
5140,3
5141,2
5142,2
5143,2
5144,2
5145,2
5146,3
5147,3
5148,3
5149,3
5150,3
5151,2
5152,2
5153,3
5154,3
5155,3
5156,3
5157,3
5158,3
5159,3
5160,3
5161,3
5162,3
5163,3
5164,6
5165,6
5166,6
5167,3
5168,3
5169,3
5170,3
5171,3
5172,3
5173,3
5174,3
5175,3
5176,3
5177,3
5178,3
5179,3
5180,3
5181,3
5182,3
5183,7
5184,7
5185,7
5186,6
5187,6
5188,6
5189,6
5190,6
5191,6
5192,6
5193,6
5194,6
5195,6
5196,6
5197,6
5198,6
5199,6
5200,6
5201,6
5202,6
5203,6
5204,6
5205,6
5206,6
5207,6
5208,6
5209,6
5210,6
5211,7
5212,7
5213,7
5214,7
5215,7
5216,6
5217,1
5218,1
5219,1
5220,1
5221,1
5222,1
5223,1
5224,1
5225,1
5226,1
5227,1
5228,1
5229,1
5230,1
5231,1
5232,1
5233,2
5234,1
5235,2
5236,2
5237,2
5238,2
5239,3
5240,3
5241,3
5242,3
5243,3
5244,2
5245,2
5246,3
5247,3
5248,2
5249,2
5250,3
5251,3
5252,3
5253,3
5254,2
5255,2
5256,3
5257,3
5258,3
5259,3
5260,3
5261,3
5262,3
5263,7
5264,7
5265,7
5266,7
5267,3
5268,3
5269,3
5270,3
5271,3
5272,3
5273,3
5274,3
5275,3
5276,3
5277,3
5278,3
5279,3
5280,3
5281,3
5282,3
5283,7
5284,7
5285,7
5286,7
5287,6
5288,7
5289,6
5290,6
5291,6
5292,6
5293,6
5294,6
5295,6
5296,6
5297,6
5298,6
5299,6
5300,6
5301,6
5302,6
5303,6
5304,6
5305,6
5306,6
5307,6
5308,6
5309,7
5310,7
5311,7
5312,7
5313,7
5314,7
5315,7
5316,7
5317,1
5318,1
5319,1
5320,1
5321,1
5322,1
5323,1
5324,1
5325,1
5326,1
5327,1
5328,1
5329,1
5330,1
5331,1
5332,2
5333,1
5334,2
5335,2
5336,2
5337,2
5338,3
5339,3
5340,3
5341,3
5342,3
5343,2
5344,2
5345,2
5346,2
5347,3
5348,3
5349,3
5350,3
5351,3
5352,2
5353,2
5354,3
5355,3
5356,3
5357,3
5358,3
5359,3
5360,3
5361,3
5362,3
5363,3
5364,7
5365,7
5366,7
5367,3
5368,3
5369,3
5370,3
5371,3
5372,3
5373,3
5374,3
5375,3
5376,3
5377,3
5378,3
5379,3
5380,3
5381,7
5382,7
5383,7
5384,7
5385,7
5386,7
5387,7
5388,7
5389,6
5390,6
5391,6
5392,6
5393,6
5394,6
5395,6
5396,6
5397,6
5398,6
5399,6
5400,6
5401,6
5402,6
5403,6
5404,7
5405,7
5406,7
5407,7
5408,7
5409,7
5410,7
5411,7
5412,7
5413,1
5414,1
5415,1
5416,1
5417,1
5418,1
5419,1
5420,1
5421,1
5422,1
5423,1
5424,1
5425,1
5426,2
5427,1
5428,2
5429,2
5430,2
5431,2
5432,3
5433,3
5434,3
5435,3
5436,3
5437,3
5438,3
5439,3
5440,2
5441,3
5442,3
5443,2
5444,2
5445,3
5446,3
5447,3
5448,3
5449,3
5450,2
5451,2
5452,3
5453,3
5454,3
5455,3
5456,3
5457,3
5458,7
5459,7
5460,7
5461,7
5462,3
5463,3
5464,3
5465,3
5466,3
5467,3
5468,3
5469,3
5470,3
5471,3
5472,3
5473,3
5474,3
5475,3
5476,7
5477,7
5478,7
5479,7
5480,7
5481,7
5482,7
5483,7
5484,7
5485,7
5486,7
5487,6
5488,6
5489,6
5490,6
5491,6
5492,6
5493,6
5494,6
5495,6
5496,7
5497,7
5498,7
5499,7
5500,7
5501,7
5502,7
5503,7
5504,7
5505,7
5506,7
5507,1
5508,1
5509,1
5510,1
5511,1
5512,1
5513,1
5514,1
5515,1
5516,1
5517,1
5518,1
5519,1
5520,2
5521,1
5522,2
5523,2
5524,2
5525,2
5526,3
5527,3
5528,3
5529,3
5530,3
5531,3
5532,3
5533,3
5534,3
5535,3
5536,2
5537,2
5538,2
5539,3
5540,3
5541,3
5542,3
5543,2
5544,2
5545,3
5546,3
5547,3
5548,3
5549,3
5550,3
5551,3
5552,3
5553,7
5554,7
5555,7
5556,3
5557,3
5558,3
5559,3
5560,3
5561,3
5562,3
5563,3
5564,3
5565,3
5566,3
5567,3
5568,3
5569,3
5570,7
5571,7
5572,7
5573,7
5574,7
5575,7
5576,7
5577,7
5578,7
5579,7
5580,7
5581,7
5582,7
5583,7
5584,6
5585,7
5586,6
5587,6
5588,6
5589,7
5590,7
5591,7
5592,7
5593,7
5594,7
5595,7
5596,7
5597,7
5598,7
5599,7
5600,1
5601,1
5602,1
5603,1
5604,1
5605,1
5606,1
5607,1
5608,1
5609,1
5610,1
5611,2
5612,1
5613,2
5614,2
5615,2
5616,2
5617,3
5618,3
5619,3
5620,3
5621,3
5622,3
5623,3
5624,3
5625,2
5626,3
5627,3
5628,2
5629,2
5630,3
5631,3
5632,3
5633,3
5634,3
5635,2
5636,2
5637,3
5638,3
5639,3
5640,3
5641,3
5642,7
5643,7
5644,7
5645,7
5646,3
5647,3
5648,3
5649,3
5650,3
5651,3
5652,3
5653,3
5654,3
5655,3
5656,3
5657,3
5658,3
5659,3
5660,7
5661,7
5662,7
5663,7
5664,7
5665,7
5666,7
5667,7
5668,7
5669,7
5670,7
5671,7
5672,7
5673,7
5674,7
5675,7
5676,7
5677,7
5678,7
5679,7
5680,7
5681,7
5682,7
5683,7
5684,7
5685,7
5686,7
5687,7
5688,1
5689,1
5690,1
5691,1
5692,1
5693,1
5694,1
5695,1
5696,1
5697,1
5698,2
5699,1
5700,2
5701,2
5702,2
5703,2
5704,3
5705,3
5706,3
5707,3
5708,3
5709,3
5710,3
5711,3
5712,2
5713,2
5714,2
5715,3
5716,3
5717,3
5718,3
5719,2
5720,2
5721,3
5722,3
5723,3
5724,3
5725,3
5726,3
5727,7
5728,7
5729,7
5730,3
5731,3
5732,3
5733,3
5734,3
5735,3
5736,3
5737,3
5738,3
5739,3
5740,3
5741,3
5742,3
5743,3
5744,7
5745,7
5746,7
5747,7
5748,7
5749,7
5750,7
5751,7
5752,7
5753,7
5754,7
5755,7
5756,7
5757,7
5758,7
5759,7
5760,7
5761,7
5762,7
5763,7
5764,7
5765,7
5766,7
5767,7
5768,7
5769,7
5770,7
5771,1
5772,1
5773,1
5774,1
5775,1
5776,1
5777,1
5778,1
5779,1
5780,1
5781,2
5782,2
5783,1
5784,2
5785,2
5786,2
5787,2
5788,3
5789,3
5790,3
5791,3
5792,3
5793,3
5794,3
5795,3
5796,3
5797,3
5798,3
5799,3
5800,3
5801,3
5802,2
5803,3
5804,2
5805,2
5806,3
5807,3
5808,3
5809,3
5810,2
5811,2
5812,3
5813,3
5814,3
5815,7
5816,7
5817,7
5818,7
5819,3
5820,3
5821,3
5822,3
5823,3
5824,3
5825,3
5826,3
5827,3
5828,3
5829,3
5830,3
5831,3
5832,3
5833,7
5834,7
5835,7
5836,7
5837,7
5838,7
5839,7
5840,7
5841,7
5842,7
5843,7
5844,7
5845,7
5846,7
5847,7
5848,7
5849,7
5850,7
5851,7
5852,7
5853,7
5854,7
5855,7
5856,7
5857,7
5858,7
5859,1
5860,1
5861,1
5862,1
5863,1
5864,1
5865,1
5866,1
5867,2
5868,1
5869,1
5870,2
5871,2
5872,2
5873,2
5874,2
5875,3
5876,3
5877,3
5878,3
5879,3
5880,3
5881,3
5882,3
5883,3
5884,3
5885,2
5886,2
5887,2
5888,3
5889,3
5890,3
5891,2
5892,2
5893,3
5894,3
5895,3
5896,3
5897,7
5898,7
5899,7
5900,3
5901,3
5902,3
5903,3
5904,3
5905,3
5906,3
5907,3
5908,3
5909,3
5910,3
5911,3
5912,3
5913,3
5914,7
5915,7
5916,7
5917,7
5918,7
5919,7
5920,7
5921,7
5922,7
5923,7
5924,7
5925,7
5926,7
5927,7
5928,7
5929,7
5930,7
5931,7
5932,7
5933,7
5934,7
5935,7
5936,7
5937,7
5938,7
5939,7
5940,1
5941,1
5942,1
5943,1
5944,1
5945,1
5946,1
5947,1
5948,1
5949,2
5950,1
5951,2
5952,2
5953,2
5954,2
5955,3
5956,3
5957,3
5958,3
5959,3
5960,3
5961,3
5962,3
5963,3
5964,3
5965,3
5966,2
5967,3
5968,2
5969,2
5970,3
5971,3
5972,3
5973,3
5974,2
5975,2
5976,3
5977,7
5978,7
5979,7
5980,7
5981,3
5982,3
5983,3
5984,3
5985,3
5986,3
5987,3
5988,3
5989,3
5990,3
5991,3
5992,3
5993,3
5994,3
5995,7
5996,7
5997,7
5998,7
5999,7
6000,7
6001,7
6002,7
6003,7
6004,7
6005,7
6006,7
6007,7
6008,7
6009,7
6010,7
6011,7
6012,7
6013,7
6014,7
6015,7
6016,7
6017,7
6018,7
6019,7
6020,1
6021,1
6022,1
6023,1
6024,1
6025,1
6026,2
6027,1
6028,2
6029,2
6030,2
6031,2
6032,2
6033,2
6034,3
6035,3
6036,3
6037,3
6038,3
6039,3
6040,3
6041,3
6042,3
6043,3
6044,3
6045,3
6046,2
6047,2
6048,2
6049,3
6050,3
6051,3
6052,2
6053,2
6054,3
6055,3
6056,7
6057,7
6058,7
6059,3
6060,3
6061,3
6062,3
6063,3
6064,3
6065,3
6066,3
6067,3
6068,3
6069,3
6070,3
6071,3
6072,3
6073,7
6074,7
6075,7
6076,7
6077,7
6078,7
6079,7
6080,7
6081,7
6082,7
6083,7
6084,7
6085,7
6086,7
6087,7
6088,7
6089,7
6090,7
6091,7
6092,7
6093,7
6094,7
6095,7
6096,1
6097,1
6098,1
6099,1
6100,1
6101,1
6102,2
6103,2
6104,1
6105,2
6106,2
6107,2
6108,2
6109,3
6110,3
6111,3
6112,3
6113,3
6114,3
6115,3
6116,3
6117,3
6118,3
6119,3
6120,3
6121,3
6122,2
6123,3
6124,3
6125,2
6126,2
6127,3
6128,3
6129,2
6130,2
6131,2
6132,7
6133,7
6134,7
6135,3
6136,3
6137,3
6138,3
6139,3
6140,3
6141,3
6142,3
6143,3
6144,3
6145,3
6146,3
6147,3
6148,3
6149,3
6150,7
6151,7
6152,7
6153,7
6154,7
6155,7
6156,7
6157,7
6158,7
6159,7
6160,7
6161,7
6162,7
6163,7
6164,7
6165,7
6166,7
6167,7
6168,7
6169,7
6170,7
6171,7
6172,7
6173,1
6174,1
6175,1
6176,2
6177,1
6178,2
6179,2
6180,2
6181,2
6182,2
6183,3
6184,3
6185,3
6186,3
6187,3
6188,3
6189,3
6190,3
6191,3
6192,3
6193,3
6194,3
6195,3
6196,3
6197,3
6198,3
6199,3
6200,2
6201,2
6202,2
6203,3
6204,3
6205,3
6206,2
6207,7
6208,7
6209,7
6210,3
6211,3
6212,3
6213,3
6214,3
6215,3
6216,3
6217,3
6218,3
6219,3
6220,3
6221,3
6222,3
6223,3
6224,7
6225,7
6226,7
6227,7
6228,7
6229,7
6230,7
6231,7
6232,7
6233,7
6234,7
6235,7
6236,7
6237,7
6238,7
6239,7
6240,7
6241,7
6242,7
6243,7
6244,7
6245,7
6246,7
6247,1
6248,2
6249,2
6250,2
6251,2
6252,2
6253,2
6254,3
6255,3
6256,3
6257,3
6258,3
6259,3
6260,3
6261,3
6262,3
6263,3
6264,3
6265,3
6266,3
6267,3
6268,3
6269,2
6270,3
6271,3
6272,2
6273,2
6274,2
6275,2
6276,7
6277,7
6278,7
6279,3
6280,3
6281,3
6282,3
6283,3
6284,3
6285,3
6286,3
6287,3
6288,3
6289,3
6290,3
6291,3
6292,3
6293,3
6294,7
6295,7
6296,7
6297,7
6298,7
6299,7
6300,7
6301,7
6302,7
6303,7
6304,7
6305,7
6306,7
6307,7
6308,7
6309,7
6310,7
6311,7
6312,7
6313,2
6314,2
6315,2
6316,2
6317,2
6318,3
6319,3
6320,3
6321,3
6322,3
6323,3
6324,3
6325,3
6326,3
6327,3
6328,3
6329,3
6330,3
6331,3
6332,3
6333,3
6334,2
6335,2
6336,2
6337,3
6338,2
6339,2
6340,7
6341,7
6342,7
6343,3
6344,3
6345,3
6346,3
6347,3
6348,3
6349,3
6350,3
6351,3
6352,3
6353,3
6354,3
6355,3
6356,3
6357,7
6358,7
6359,7
6360,7
6361,7
6362,7
6363,7
6364,7
6365,7
6366,7
6367,7
6368,7
6369,7
6370,7
6371,7
6372,7
6373,7
6374,2
6375,2
6376,2
6377,2
6378,3
6379,3
6380,3
6381,3
6382,3
6383,3
6384,3
6385,3
6386,3
6387,3
6388,3
6389,3
6390,3
6391,3
6392,3
6393,3
6394,3
6395,3
6396,2
6397,2
6398,2
6399,7
6400,7
6401,7
6402,3
6403,3
6404,3
6405,3
6406,3
6407,3
6408,3
6409,3
6410,3
6411,3
6412,3
6413,3
6414,3
6415,3
6416,3
6417,7
6418,7
6419,7
6420,7
6421,7
6422,7
6423,7
6424,7
6425,7
6426,7
6427,7
6428,7
6429,7
6430,7
6431,7
6432,7
6433,7
6434,7
6435,2
6436,2
6437,3
6438,3
6439,3
6440,3
6441,3
6442,3
6443,3
6444,3
6445,3
6446,3
6447,3
6448,3
6449,3
6450,3
6451,3
6452,3
6453,3
6454,3
6455,3
6456,2
6457,2
6458,2
6459,2
6460,2
6461,7
6462,7
6463,3
6464,3
6465,3
6466,3
6467,3
6468,3
6469,3
6470,3
6471,3
6472,3
6473,3
6474,3
6475,3
6476,3
6477,3
6478,7
6479,7
6480,7
6481,7
6482,7
6483,7
6484,7
6485,7
6486,7
6487,7
6488,7
6489,7
6490,7
6491,7
6492,7
6493,7
6494,7
6495,2
6496,3
6497,3
6498,3
6499,3
6500,3
6501,3
6502,3
6503,3
6504,3
6505,3
6506,3
6507,3
6508,3
6509,3
6510,3
6511,3
6512,3
6513,3
6514,3
6515,3
6516,2
6517,2
6518,7
6519,7
6520,7
6521,3
6522,3
6523,3
6524,3
6525,3
6526,3
6527,3
6528,3
6529,3
6530,3
6531,3
6532,3
6533,3
6534,3
6535,3
6536,7
6537,7
6538,7
6539,7
6540,7
6541,7
6542,7
6543,7
6544,7
6545,7
6546,7
6547,7
6548,7
6549,7
6550,3
6551,3
6552,3
6553,3
6554,3
6555,3
6556,3
6557,3
6558,3
6559,3
6560,3
6561,3
6562,3
6563,3
6564,3
6565,3
6566,3
6567,3
6568,3
6569,3
6570,3
6571,2
6572,7
6573,7
6574,3
6575,3
6576,3
6577,3
6578,3
6579,3
6580,3
6581,3
6582,3
6583,3
6584,3
6585,3
6586,3
6587,3
6588,3
6589,7
6590,7
6591,7
6592,7
6593,7
6594,7
6595,7
6596,7
6597,7
6598,7
6599,7
6600,7
6601,7
6602,7
6603,3
6604,3
6605,3
6606,3
6607,3
6608,3
6609,3
6610,3
6611,3
6612,3
6613,3
6614,3
6615,3
6616,3
6617,3
6618,3
6619,3
6620,3
6621,3
6622,7
6623,7
6624,7
6625,3
6626,3
6627,3
6628,3
6629,3
6630,3
6631,3
6632,3
6633,3
6634,3
6635,3
6636,3
6637,3
6638,3
6639,3
6640,3
6641,7
6642,7
6643,7
6644,7
6645,7
6646,7
6647,7
6648,7
6649,7
6650,7
6651,7
6652,7
6653,7
6654,7
6655,7
6656,7
6657,3
6658,3
6659,3
6660,3
6661,3
6662,3
6663,3
6664,3
6665,3
6666,3
6667,3
6668,3
6669,3
6670,3
6671,3
6672,3
6673,3
6674,3
6675,3
6676,3
6677,3
6678,3
6679,3
6680,7
6681,7
6682,3
6683,3
6684,3
6685,3
6686,3
6687,3
6688,3
6689,3
6690,3
6691,3
6692,3
6693,3
6694,3
6695,3
6696,3
6697,7
6698,7
6699,7
6700,7
6701,7
6702,7
6703,7
6704,7
6705,7
6706,7
6707,7
6708,7
6709,3
6710,3
6711,3
6712,3
6713,3
6714,3
6715,3
6716,3
6717,3
6718,3
6719,3
6720,3
6721,3
6722,3
6723,3
6724,3
6725,3
6726,3
6727,7
6728,7
6729,3
6730,3
6731,3
6732,3
6733,3
6734,3
6735,3
6736,3
6737,3
6738,3
6739,3
6740,3
6741,3
6742,3
6743,3
6744,3
6745,3
6746,3
6747,3
6748,3
6749,3
6750,7
6751,7
6752,7
6753,7
6754,7
6755,7
6756,7
6757,7
6758,7
6759,7
6760,7
6761,7
6762,7
6763,7
6764,7
6765,7
6766,3
6767,3
6768,3
6769,3
6770,3
6771,3
6772,3
6773,3
6774,3
6775,3
6776,3
6777,3
6778,3
6779,3
6780,3
6781,3
6782,3
6783,3
6784,3
6785,7
6786,7
6787,3
6788,3
6789,3
6790,3
6791,3
6792,3
6793,3
6794,3
6795,3
6796,3
6797,3
6798,3
6799,3
6800,3
6801,3
6802,7
6803,7
6804,7
6805,7
6806,7
6807,7
6808,7
6809,7
6810,7
6811,7
6812,3
6813,3
6814,3
6815,3
6816,3
6817,3
6818,3
6819,3
6820,3
6821,3
6822,3
6823,3
6824,3
6825,3
6826,3
6827,3
6828,3
6829,7
6830,7
6831,7
6832,3
6833,3
6834,3
6835,3
6836,3
6837,3
6838,3
6839,3
6840,3
6841,3
6842,3
6843,3
6844,3
6845,3
6846,3
6847,3
6848,3
6849,3
6850,3
6851,7
6852,7
6853,7
6854,7
6855,7
6856,7
6857,7
6858,7
6859,7
6860,7
6861,7
6862,7
6863,7
6864,7
6865,7
6866,3
6867,3
6868,3
6869,3
6870,3
6871,3
6872,3
6873,3
6874,3
6875,3
6876,3
6877,3
6878,3
6879,3
6880,3
6881,3
6882,3
6883,3
6884,3
6885,7
6886,3
6887,3
6888,3
6889,3
6890,3
6891,3
6892,3
6893,3
6894,3
6895,3
6896,3
6897,3
6898,3
6899,3
6900,3
6901,3
6902,7
6903,7
6904,7
6905,7
6906,7
6907,7
6908,7
6909,7
6910,7
6911,3
6912,3
6913,3
6914,3
6915,3
6916,3
6917,3
6918,3
6919,3
6920,3
6921,3
6922,3
6923,3
6924,3
6925,3
6926,3
6927,3
6928,3
6929,3
6930,3
6931,3
6932,3
6933,3
6934,3
6935,3
6936,3
6937,3
6938,3
6939,3
6940,7
6941,7
6942,7
6943,7
6944,7
6945,7
6946,7
6947,7
6948,7
6949,7
6950,7
6951,7
6952,7
6953,3
6954,3
6955,3
6956,3
6957,3
6958,3
6959,3
6960,3
6961,3
6962,3
6963,3
6964,3
6965,3
6966,3
6967,3
6968,3
6969,3
6970,3
6971,3
6972,3
6973,3
6974,3
6975,3
6976,3
6977,3
6978,3
6979,3
6980,3
6981,3
6982,7
6983,7
6984,7
6985,7
6986,7
6987,7
6988,7
6989,7
6990,7
6991,3
6992,3
6993,3
6994,3
6995,3
6996,3
6997,3
6998,3
6999,3
7000,3
7001,3
7002,3
7003,3
7004,3
7005,3
7006,3
7007,3
7008,3
7009,3
7010,3
7011,3
7012,3
7013,3
7014,3
7015,3
7016,3
7017,3
7018,3
7019,7
7020,7
7021,7
7022,7
7023,7
7024,7
7025,7
7026,7
7027,7
7028,3
7029,3
7030,3
7031,3
7032,3
7033,3
7034,3
7035,3
7036,3
7037,3
7038,3
7039,3
7040,3
7041,3
7042,3
7043,3
7044,3
7045,3
7046,3
7047,3
7048,3
7049,3
7050,3
7051,3
7052,7
7053,7
7054,7
7055,7
7056,7
7057,7
7058,3
7059,3
7060,3
7061,3
7062,3
7063,3
7064,3
7065,3
7066,3
7067,3
7068,3
7069,3
7070,3
7071,3
7072,3
7073,3
7074,3
7075,3
7076,3
7077,3
7078,3
7079,3
7080,3
7081,7
7082,7
7083,7
7084,7
7085,7
7086,3
7087,3
7088,3
7089,3
7090,3
7091,3
7092,3
7093,3
7094,3
7095,3
7096,3
7097,3
7098,3
7099,3
7100,3
7101,3
7102,3
7103,3
7104,3
7105,3
7106,3
7107,3
7108,3
7109,3
7110,3
7111,3
7112,3
7113,3
7114,3
7115,3
7116,3
7117,3
7118,3
7119,3
7120,3
7121,3
7122,3
7123,3
7124,3
7125,3
7126,3
7127,3
7128,3
7129,3
7130,3
7131,3
7132,3
7133,3
7134,3
7135,3
7136,3
7137,3
7138,3
7139,3
7140,3
7141,3
7142,3
7143,3
7144,3
7145,3
7146,3
7147,3
7148,3
7149,3
7150,3
7151,3
7152,3
7153,3
7154,3
7155,3
7156,3
7157,3
7158,3
7159,3
