# Face Region Partition Results
# Total vertices: 7160
# Vertex order: Original OBJ file order
# Format: vertex_index, region_label
#
0,3
1,3
2,3
3,3
4,3
5,3
6,3
7,3
8,3
9,3
10,3
11,3
12,3
13,3
14,3
15,3
16,3
17,3
18,3
19,3
20,3
21,3
22,3
23,3
24,3
25,3
26,3
27,3
28,3
29,3
30,3
31,3
32,3
33,3
34,3
35,3
36,3
37,3
38,3
39,3
40,3
41,3
42,3
43,3
44,3
45,3
46,3
47,3
48,3
49,3
50,3
51,3
52,3
53,3
54,3
55,3
56,3
57,3
58,3
59,3
60,3
61,3
62,3
63,3
64,3
65,3
66,3
67,3
68,3
69,3
70,3
71,3
72,3
73,3
74,3
75,3
76,3
77,3
78,3
79,3
80,3
81,3
82,3
83,3
84,3
85,3
86,3
87,3
88,3
89,3
90,3
91,3
92,3
93,3
94,3
95,3
96,3
97,3
98,3
99,3
100,3
101,3
102,3
103,3
104,3
105,3
106,3
107,3
108,3
109,3
110,3
111,3
112,3
113,3
114,3
115,3
116,3
117,3
118,3
119,3
120,3
121,3
122,3
123,3
124,3
125,3
126,3
127,3
128,3
129,3
130,3
131,3
132,3
133,3
134,3
135,3
136,3
137,3
138,3
139,3
140,3
141,3
142,3
143,3
144,3
145,3
146,3
147,3
148,3
149,3
150,3
151,3
152,3
153,3
154,3
155,3
156,3
157,3
158,3
159,3
160,3
161,3
162,3
163,3
164,3
165,3
166,3
167,3
168,3
169,3
170,3
171,3
172,3
173,3
174,3
175,3
176,3
177,6
178,3
179,3
180,6
181,3
182,3
183,3
184,3
185,3
186,3
187,3
188,3
189,3
190,3
191,3
192,3
193,6
194,6
195,3
196,3
197,3
198,3
199,3
200,3
201,3
202,3
203,3
204,3
205,6
206,3
207,3
208,3
209,3
210,3
211,3
212,3
213,6
214,6
215,3
216,3
217,3
218,6
219,3
220,3
221,3
222,3
223,3
224,3
225,3
226,3
227,3
228,3
229,6
230,6
231,3
232,3
233,3
234,3
235,6
236,3
237,3
238,3
239,3
240,3
241,3
242,3
243,3
244,3
245,3
246,6
247,3
248,3
249,3
250,3
251,3
252,3
253,6
254,3
255,6
256,6
257,3
258,3
259,3
260,3
261,3
262,3
263,3
264,6
265,3
266,3
267,3
268,3
269,6
270,3
271,3
272,3
273,6
274,3
275,3
276,3
277,2
278,3
279,3
280,6
281,3
282,6
283,6
284,3
285,3
286,3
287,3
288,3
289,3
290,3
291,6
292,3
293,3
294,6
295,3
296,6
297,3
298,3
299,3
300,6
301,3
302,3
303,6
304,6
305,3
306,3
307,3
308,3
309,2
310,3
311,3
312,3
313,3
314,3
315,6
316,3
317,3
318,3
319,6
320,3
321,3
322,6
323,3
324,3
325,2
326,3
327,6
328,3
329,3
330,3
331,6
332,3
333,3
334,6
335,3
336,3
337,6
338,3
339,3
340,2
341,6
342,3
343,3
344,3
345,3
346,3
347,3
348,3
349,3
350,3
351,3
352,6
353,3
354,6
355,3
356,3
357,6
358,3
359,3
360,3
361,3
362,6
363,2
364,6
365,3
366,3
367,3
368,3
369,3
370,3
371,6
372,3
373,6
374,3
375,3
376,3
377,6
378,3
379,2
380,6
381,3
382,6
383,6
384,2
385,3
386,3
387,3
388,3
389,3
390,3
391,6
392,3
393,3
394,6
395,2
396,3
397,3
398,2
399,3
400,3
401,3
402,6
403,3
404,3
405,3
406,3
407,3
408,3
409,3
410,6
411,6
412,3
413,6
414,3
415,6
416,3
417,3
418,3
419,2
420,3
421,3
422,3
423,6
424,6
425,2
426,3
427,6
428,3
429,3
430,3
431,3
432,2
433,6
434,3
435,6
436,6
437,6
438,2
439,3
440,6
441,3
442,3
443,3
444,3
445,6
446,3
447,3
448,3
449,6
450,2
451,3
452,3
453,6
454,3
455,3
456,3
457,3
458,3
459,3
460,3
461,3
462,3
463,3
464,6
465,2
466,6
467,6
468,2
469,6
470,3
471,3
472,6
473,3
474,3
475,3
476,6
477,3
478,3
479,6
480,6
481,2
482,3
483,3
484,3
485,3
486,2
487,2
488,6
489,3
490,3
491,3
492,6
493,3
494,3
495,3
496,2
497,3
498,3
499,3
500,3
501,3
502,2
503,6
504,6
505,3
506,6
507,6
508,6
509,3
510,3
511,6
512,2
513,3
514,3
515,3
516,3
517,3
518,3
519,2
520,3
521,6
522,3
523,3
524,6
525,2
526,6
527,3
528,3
529,3
530,6
531,3
532,2
533,3
534,6
535,6
536,3
537,3
538,2
539,3
540,6
541,6
542,6
543,3
544,3
545,3
546,2
547,2
548,3
549,2
550,6
551,6
552,3
553,3
554,3
555,2
556,3
557,3
558,3
559,6
560,6
561,3
562,6
563,6
564,3
565,2
566,6
567,3
568,3
569,3
570,3
571,3
572,6
573,3
574,6
575,2
576,2
577,3
578,3
579,3
580,6
581,2
582,3
583,6
584,3
585,6
586,3
587,3
588,3
589,3
590,3
591,3
592,6
593,3
594,2
595,3
596,3
597,3
598,2
599,2
600,3
601,3
602,6
603,2
604,2
605,2
606,6
607,3
608,6
609,6
610,6
611,3
612,6
613,3
614,6
615,3
616,6
617,3
618,3
619,2
620,3
621,3
622,3
623,6
624,2
625,3
626,3
627,2
628,2
629,3
630,3
631,6
632,3
633,3
634,6
635,3
636,6
637,3
638,3
639,2
640,3
641,6
642,6
643,6
644,2
645,3
646,6
647,3
648,3
649,3
650,2
651,3
652,6
653,3
654,3
655,6
656,3
657,2
658,3
659,3
660,3
661,6
662,2
663,6
664,3
665,3
666,6
667,2
668,3
669,6
670,6
671,6
672,2
673,2
674,3
675,2
676,2
677,6
678,2
679,3
680,3
681,6
682,3
683,3
684,3
685,6
686,3
687,6
688,6
689,2
690,6
691,3
692,2
693,3
694,3
695,3
696,6
697,3
698,3
699,6
700,1
701,3
702,2
703,6
704,3
705,3
706,3
707,2
708,3
709,2
710,3
711,3
712,3
713,2
714,2
715,2
716,6
717,3
718,6
719,3
720,6
721,6
722,3
723,6
724,2
725,3
726,3
727,6
728,2
729,6
730,3
731,6
732,3
733,2
734,3
735,1
736,6
737,3
738,2
739,3
740,3
741,3
742,6
743,3
744,2
745,6
746,3
747,6
748,3
749,1
750,3
751,6
752,3
753,6
754,2
755,3
756,2
757,3
758,3
759,3
760,2
761,2
762,1
763,3
764,3
765,3
766,2
767,3
768,6
769,6
770,3
771,6
772,3
773,6
774,6
775,3
776,3
777,6
778,3
779,2
780,2
781,6
782,3
783,2
784,6
785,6
786,2
787,6
788,2
789,3
790,3
791,3
792,1
793,3
794,3
795,6
796,6
797,3
798,2
799,6
800,6
801,3
802,3
803,3
804,3
805,3
806,1
807,1
808,6
809,6
810,2
811,2
812,6
813,6
814,3
815,2
816,3
817,2
818,3
819,3
820,2
821,3
822,3
823,3
824,3
825,3
826,6
827,6
828,3
829,3
830,6
831,6
832,3
833,2
834,2
835,6
836,6
837,2
838,6
839,3
840,2
841,6
842,6
843,3
844,6
845,3
846,3
847,6
848,3
849,3
850,6
851,6
852,3
853,3
854,1
855,1
856,1
857,3
858,2
859,3
860,3
861,6
862,3
863,3
864,3
865,3
866,3
867,3
868,2
869,2
870,3
871,3
872,2
873,3
874,6
875,3
876,1
877,6
878,6
879,6
880,2
881,2
882,3
883,3
884,3
885,6
886,6
887,3
888,1
889,3
890,6
891,6
892,6
893,6
894,3
895,2
896,2
897,3
898,6
899,3
900,3
901,2
902,3
903,6
904,3
905,1
906,6
907,3
908,2
909,3
910,3
911,1
912,6
913,1
914,3
915,6
916,6
917,3
918,2
919,6
920,2
921,3
922,6
923,1
924,3
925,3
926,3
927,2
928,3
929,3
930,6
931,3
932,6
933,6
934,1
935,3
936,1
937,3
938,6
939,6
940,6
941,3
942,3
943,6
944,6
945,3
946,3
947,2
948,2
949,3
950,6
951,3
952,2
953,3
954,3
955,6
956,3
957,3
958,2
959,3
960,3
961,3
962,1
963,3
964,1
965,3
966,1
967,6
968,2
969,3
970,1
971,6
972,3
973,1
974,6
975,6
976,6
977,3
978,3
979,2
980,6
981,2
982,6
983,3
984,2
985,6
986,3
987,3
988,2
989,3
990,6
991,3
992,6
993,2
994,3
995,2
996,3
997,6
998,6
999,3
1000,3
1001,3
1002,6
1003,3
1004,6
1005,3
1006,3
1007,6
1008,1
1009,3
1010,6
1011,3
1012,1
1013,3
1014,2
1015,1
1016,1
1017,1
1018,6
1019,2
1020,1
1021,6
1022,3
1023,6
1024,2
1025,3
1026,3
1027,3
1028,3
1029,3
1030,3
1031,3
1032,3
1033,6
1034,6
1035,3
1036,3
1037,6
1038,6
1039,3
1040,2
1041,6
1042,6
1043,3
1044,3
1045,6
1046,2
1047,2
1048,6
1049,6
1050,6
1051,3
1052,3
1053,2
1054,3
1055,2
1056,6
1057,6
1058,3
1059,3
1060,3
1061,3
1062,3
1063,3
1064,6
1065,2
1066,3
1067,6
1068,6
1069,6
1070,3
1071,1
1072,1
1073,3
1074,3
1075,6
1076,1
1077,1
1078,1
1079,1
1080,2
1081,3
1082,6
1083,3
1084,2
1085,6
1086,6
1087,6
1088,3
1089,3
1090,3
1091,3
1092,1
1093,2
1094,3
1095,3
1096,2
1097,3
1098,3
1099,6
1100,6
1101,3
1102,6
1103,3
1104,6
1105,6
1106,3
1107,6
1108,6
1109,3
1110,2
1111,6
1112,3
1113,3
1114,3
1115,6
1116,2
1117,6
1118,2
1119,6
1120,3
1121,6
1122,3
1123,2
1124,3
1125,6
1126,3
1127,6
1128,6
1129,3
1130,3
1131,1
1132,2
1133,6
1134,1
1135,1
1136,3
1137,1
1138,3
1139,1
1140,3
1141,3
1142,3
1143,1
1144,2
1145,6
1146,1
1147,3
1148,6
1149,6
1150,6
1151,3
1152,3
1153,2
1154,3
1155,6
1156,6
1157,6
1158,6
1159,3
1160,2
1161,6
1162,3
1163,3
1164,3
1165,2
1166,2
1167,2
1168,3
1169,3
1170,6
1171,6
1172,6
1173,3
1174,3
1175,6
1176,3
1177,6
1178,6
1179,3
1180,3
1181,6
1182,3
1183,1
1184,3
1185,3
1186,6
1187,6
1188,1
1189,6
1190,1
1191,3
1192,2
1193,6
1194,6
1195,3
1196,3
1197,1
1198,3
1199,1
1200,1
1201,2
1202,1
1203,3
1204,3
1205,3
1206,3
1207,6
1208,2
1209,3
1210,2
1211,3
1212,6
1213,6
1214,6
1215,6
1216,6
1217,3
1218,3
1219,6
1220,6
1221,3
1222,3
1223,3
1224,1
1225,3
1226,3
1227,2
1228,6
1229,3
1230,2
1231,6
1232,6
1233,3
1234,3
1235,3
1236,3
1237,6
1238,3
1239,6
1240,6
1241,6
1242,3
1243,3
1244,1
1245,3
1246,1
1247,2
1248,6
1249,3
1250,3
1251,3
1252,2
1253,2
1254,6
1255,3
1256,3
1257,3
1258,1
1259,6
1260,2
1261,3
1262,6
1263,6
1264,3
1265,6
1266,3
1267,3
1268,1
1269,2
1270,1
1271,1
1272,1
1273,6
1274,3
1275,3
1276,6
1277,3
1278,3
1279,6
1280,3
1281,1
1282,6
1283,3
1284,3
1285,6
1286,6
1287,6
1288,3
1289,3
1290,2
1291,3
1292,2
1293,3
1294,6
1295,6
1296,3
1297,2
1298,6
1299,3
1300,6
1301,3
1302,3
1303,6
1304,1
1305,6
1306,3
1307,6
1308,2
1309,3
1310,1
1311,3
1312,6
1313,2
1314,6
1315,6
1316,3
1317,6
1318,1
1319,3
1320,3
1321,3
1322,6
1323,3
1324,6
1325,6
1326,2
1327,3
1328,1
1329,6
1330,3
1331,3
1332,3
1333,2
1334,3
1335,2
1336,1
1337,2
1338,3
1339,6
1340,1
1341,6
1342,1
1343,3
1344,6
1345,6
1346,6
1347,1
1348,6
1349,6
1350,3
1351,6
1352,6
1353,3
1354,6
1355,2
1356,3
1357,3
1358,3
1359,3
1360,1
1361,3
1362,6
1363,3
1364,3
1365,6
1366,3
1367,6
1368,3
1369,2
1370,6
1371,6
1372,3
1373,6
1374,2
1375,3
1376,3
1377,1
1378,6
1379,6
1380,1
1381,6
1382,3
1383,6
1384,2
1385,3
1386,2
1387,3
1388,1
1389,3
1390,3
1391,1
1392,6
1393,2
1394,6
1395,6
1396,3
1397,6
1398,3
1399,3
1400,6
1401,6
1402,1
1403,3
1404,1
1405,3
1406,3
1407,3
1408,1
1409,6
1410,6
1411,6
1412,3
1413,3
1414,1
1415,6
1416,3
1417,3
1418,3
1419,2
1420,6
1421,3
1422,6
1423,1
1424,6
1425,2
1426,2
1427,6
1428,6
1429,3
1430,2
1431,6
1432,6
1433,3
1434,3
1435,2
1436,3
1437,6
1438,3
1439,1
1440,3
1441,3
1442,6
1443,6
1444,3
1445,6
1446,6
1447,2
1448,3
1449,3
1450,3
1451,1
1452,3
1453,1
1454,3
1455,6
1456,3
1457,6
1458,3
1459,6
1460,3
1461,1
1462,2
1463,2
1464,2
1465,6
1466,3
1467,3
1468,6
1469,1
1470,3
1471,1
1472,6
1473,6
1474,6
1475,6
1476,3
1477,3
1478,1
1479,6
1480,3
1481,2
1482,1
1483,3
1484,6
1485,6
1486,3
1487,3
1488,1
1489,2
1490,6
1491,3
1492,1
1493,3
1494,3
1495,6
1496,6
1497,6
1498,6
1499,6
1500,1
1501,2
1502,3
1503,6
1504,3
1505,3
1506,1
1507,2
1508,3
1509,2
1510,1
1511,6
1512,6
1513,2
1514,6
1515,6
1516,3
1517,3
1518,3
1519,6
1520,6
1521,2
1522,3
1523,6
1524,6
1525,1
1526,3
1527,3
1528,6
1529,3
1530,3
1531,2
1532,3
1533,6
1534,6
1535,1
1536,3
1537,6
1538,3
1539,3
1540,3
1541,3
1542,2
1543,3
1544,6
1545,6
1546,1
1547,1
1548,6
1549,1
1550,6
1551,3
1552,6
1553,6
1554,3
1555,1
1556,3
1557,3
1558,3
1559,2
1560,3
1561,1
1562,6
1563,6
1564,6
1565,6
1566,3
1567,2
1568,3
1569,3
1570,3
1571,2
1572,3
1573,3
1574,2
1575,6
1576,1
1577,3
1578,6
1579,1
1580,1
1581,6
1582,6
1583,3
1584,2
1585,3
1586,6
1587,6
1588,6
1589,6
1590,1
1591,2
1592,6
1593,3
1594,3
1595,6
1596,3
1597,1
1598,3
1599,6
1600,3
1601,1
1602,6
1603,6
1604,1
1605,3
1606,3
1607,2
1608,3
1609,6
1610,2
1611,6
1612,2
1613,2
1614,6
1615,1
1616,6
1617,1
1618,3
1619,6
1620,3
1621,3
1622,2
1623,1
1624,6
1625,3
1626,1
1627,6
1628,3
1629,3
1630,6
1631,3
1632,3
1633,3
1634,3
1635,3
1636,2
1637,3
1638,3
1639,3
1640,2
1641,3
1642,2
1643,6
1644,6
1645,6
1646,6
1647,6
1648,3
1649,2
1650,6
1651,6
1652,6
1653,1
1654,3
1655,6
1656,2
1657,6
1658,1
1659,6
1660,3
1661,6
1662,3
1663,1
1664,1
1665,1
1666,1
1667,1
1668,6
1669,3
1670,6
1671,2
1672,3
1673,6
1674,6
1675,6
1676,6
1677,3
1678,1
1679,3
1680,3
1681,3
1682,3
1683,6
1684,1
1685,3
1686,3
1687,6
1688,6
1689,6
1690,1
1691,3
1692,3
1693,6
1694,6
1695,3
1696,3
1697,3
1698,2
1699,3
1700,2
1701,2
1702,1
1703,3
1704,3
1705,6
1706,2
1707,6
1708,6
1709,6
1710,6
1711,3
1712,6
1713,1
1714,2
1715,1
1716,2
1717,6
1718,3
1719,6
1720,3
1721,3
1722,6
1723,1
1724,6
1725,6
1726,1
1727,3
1728,6
1729,3
1730,1
1731,6
1732,6
1733,6
1734,6
1735,3
1736,3
1737,3
1738,6
1739,6
1740,3
1741,1
1742,3
1743,6
1744,6
1745,3
1746,1
1747,3
1748,3
1749,1
1750,3
1751,3
1752,2
1753,6
1754,2
1755,2
1756,3
1757,3
1758,2
1759,1
1760,3
1761,3
1762,6
1763,3
1764,6
1765,3
1766,2
1767,6
1768,6
1769,2
1770,3
1771,6
1772,1
1773,6
1774,6
1775,6
1776,1
1777,1
1778,6
1779,3
1780,3
1781,6
1782,1
1783,2
1784,1
1785,3
1786,3
1787,6
1788,1
1789,3
1790,6
1791,1
1792,6
1793,3
1794,6
1795,3
1796,6
1797,6
1798,6
1799,6
1800,6
1801,1
1802,3
1803,3
1804,6
1805,3
1806,3
1807,3
1808,1
1809,3
1810,3
1811,1
1812,3
1813,1
1814,3
1815,6
1816,6
1817,3
1818,3
1819,2
1820,3
1821,6
1822,2
1823,6
1824,6
1825,6
1826,2
1827,1
1828,6
1829,2
1830,6
1831,2
1832,6
1833,3
1834,3
1835,6
1836,3
1837,2
1838,6
1839,1
1840,6
1841,3
1842,1
1843,3
1844,1
1845,6
1846,1
1847,3
1848,3
1849,1
1850,2
1851,1
1852,6
1853,6
1854,3
1855,3
1856,6
1857,3
1858,6
1859,1
1860,3
1861,6
1862,6
1863,6
1864,3
1865,3
1866,6
1867,3
1868,6
1869,1
1870,3
1871,3
1872,6
1873,1
1874,3
1875,1
1876,2
1877,6
1878,6
1879,2
1880,6
1881,2
1882,3
1883,3
1884,6
1885,3
1886,6
1887,1
1888,6
1889,2
1890,6
1891,2
1892,2
1893,6
1894,3
1895,3
1896,6
1897,1
1898,3
1899,3
1900,1
1901,2
1902,3
1903,1
1904,6
1905,6
1906,2
1907,6
1908,3
1909,6
1910,3
1911,6
1912,6
1913,1
1914,3
1915,3
1916,1
1917,3
1918,3
1919,6
1920,2
1921,6
1922,3
1923,3
1924,6
1925,1
1926,3
1927,6
1928,3
1929,3
1930,3
1931,6
1932,3
1933,1
1934,6
1935,6
1936,3
1937,6
1938,1
1939,2
1940,2
1941,1
1942,6
1943,6
1944,2
1945,1
1946,3
1947,6
1948,2
1949,6
1950,6
1951,6
1952,3
1953,3
1954,6
1955,3
1956,1
1957,6
1958,3
1959,2
1960,1
1961,2
1962,6
1963,1
1964,2
1965,3
1966,6
1967,3
1968,1
1969,6
1970,6
1971,3
1972,3
1973,6
1974,6
1975,3
1976,3
1977,3
1978,1
1979,6
1980,3
1981,6
1982,6
1983,3
1984,3
1985,1
1986,3
1987,6
1988,1
1989,3
1990,6
1991,3
1992,6
1993,3
1994,1
1995,3
1996,3
1997,1
1998,3
1999,6
2000,2
2001,6
2002,6
2003,2
2004,1
2005,6
2006,1
2007,6
2008,6
2009,2
2010,6
2011,2
2012,6
2013,2
2014,6
2015,3
2016,3
2017,2
2018,1
2019,3
2020,6
2021,6
2022,6
2023,6
2024,6
2025,3
2026,1
2027,1
2028,6
2029,6
2030,2
2031,3
2032,3
2033,6
2034,6
2035,3
2036,1
2037,3
2038,6
2039,3
2040,3
2041,3
2042,3
2043,3
2044,6
2045,1
2046,3
2047,3
2048,3
2049,3
2050,6
2051,6
2052,1
2053,1
2054,6
2055,1
2056,3
2057,3
2058,6
2059,6
2060,3
2061,6
2062,1
2063,6
2064,1
2065,1
2066,6
2067,2
2068,3
2069,6
2070,6
2071,2
2072,6
2073,2
2074,6
2075,6
2076,3
2077,2
2078,2
2079,3
2080,6
2081,2
2082,6
2083,6
2084,3
2085,6
2086,1
2087,1
2088,6
2089,6
2090,3
2091,3
2092,3
2093,3
2094,3
2095,1
2096,3
2097,3
2098,3
2099,1
2100,3
2101,1
2102,3
2103,6
2104,3
2105,3
2106,6
2107,3
2108,3
2109,6
2110,3
2111,6
2112,3
2113,6
2114,1
2115,6
2116,6
2117,3
2118,1
2119,1
2120,3
2121,6
2122,1
2123,6
2124,6
2125,6
2126,1
2127,6
2128,6
2129,6
2130,2
2131,6
2132,2
2133,2
2134,3
2135,6
2136,2
2137,2
2138,1
2139,6
2140,1
2141,2
2142,3
2143,6
2144,3
2145,6
2146,2
2147,6
2148,6
2149,3
2150,3
2151,3
2152,3
2153,3
2154,6
2155,6
2156,6
2157,3
2158,6
2159,3
2160,3
2161,1
2162,6
2163,6
2164,1
2165,3
2166,3
2167,6
2168,3
2169,3
2170,3
2171,1
2172,1
2173,3
2174,6
2175,1
2176,1
2177,6
2178,3
2179,3
2180,3
2181,3
2182,1
2183,6
2184,1
2185,6
2186,6
2187,6
2188,1
2189,1
2190,6
2191,6
2192,6
2193,1
2194,6
2195,6
2196,6
2197,6
2198,2
2199,2
2200,1
2201,6
2202,6
2203,6
2204,2
2205,3
2206,3
2207,3
2208,2
2209,2
2210,3
2211,3
2212,6
2213,3
2214,3
2215,1
2216,3
2217,3
2218,3
2219,3
2220,1
2221,1
2222,6
2223,3
2224,6
2225,3
2226,3
2227,2
2228,3
2229,5
2230,3
2231,6
2232,6
2233,1
2234,1
2235,3
2236,6
2237,6
2238,1
2239,3
2240,2
2241,3
2242,6
2243,1
2244,5
2245,6
2246,6
2247,6
2248,1
2249,6
2250,1
2251,6
2252,6
2253,6
2254,1
2255,6
2256,6
2257,5
2258,5
2259,2
2260,2
2261,6
2262,2
2263,2
2264,6
2265,1
2266,1
2267,6
2268,2
2269,3
2270,2
2271,1
2272,6
2273,6
2274,6
2275,6
2276,3
2277,6
2278,2
2279,3
2280,3
2281,3
2282,6
2283,6
2284,6
2285,3
2286,3
2287,3
2288,6
2289,3
2290,3
2291,1
2292,1
2293,3
2294,3
2295,3
2296,3
2297,3
2298,3
2299,1
2300,6
2301,1
2302,5
2303,1
2304,6
2305,5
2306,6
2307,1
2308,6
2309,5
2310,5
2311,6
2312,6
2313,5
2314,6
2315,1
2316,5
2317,6
2318,1
2319,2
2320,6
2321,6
2322,1
2323,6
2324,1
2325,6
2326,6
2327,6
2328,6
2329,2
2330,6
2331,3
2332,3
2333,2
2334,1
2335,3
2336,2
2337,6
2338,6
2339,5
2340,6
2341,6
2342,5
2343,3
2344,2
2345,6
2346,5
2347,1
2348,3
2349,3
2350,5
2351,3
2352,2
2353,6
2354,3
2355,3
2356,3
2357,3
2358,5
2359,6
2360,6
2361,5
2362,6
2363,6
2364,3
2365,1
2366,6
2367,1
2368,1
2369,1
2370,5
2371,3
2372,6
2373,6
2374,6
2375,6
2376,6
2377,5
2378,1
2379,6
2380,1
2381,1
2382,6
2383,5
2384,1
2385,6
2386,5
2387,1
2388,6
2389,2
2390,2
2391,6
2392,1
2393,6
2394,2
2395,5
2396,6
2397,2
2398,6
2399,1
2400,5
2401,3
2402,6
2403,6
2404,6
2405,5
2406,2
2407,5
2408,3
2409,4
2410,6
2411,2
2412,6
2413,3
2414,3
2415,3
2416,3
2417,4
2418,6
2419,3
2420,6
2421,3
2422,1
2423,4
2424,6
2425,6
2426,5
2427,3
2428,5
2429,5
2430,1
2431,6
2432,1
2433,1
2434,3
2435,6
2436,2
2437,1
2438,1
2439,5
2440,5
2441,6
2442,6
2443,1
2444,5
2445,6
2446,1
2447,5
2448,6
2449,6
2450,6
2451,6
2452,5
2453,1
2454,6
2455,1
2456,6
2457,6
2458,6
2459,2
2460,6
2461,6
2462,4
2463,2
2464,6
2465,2
2466,6
2467,1
2468,2
2469,2
2470,2
2471,1
2472,2
2473,5
2474,5
2475,6
2476,6
2477,4
2478,3
2479,3
2480,4
2481,5
2482,4
2483,5
2484,1
2485,6
2486,6
2487,6
2488,5
2489,6
2490,1
2491,6
2492,3
2493,1
2494,1
2495,6
2496,4
2497,1
2498,1
2499,5
2500,4
2501,6
2502,6
2503,6
2504,6
2505,1
2506,5
2507,6
2508,5
2509,3
2510,5
2511,2
2512,3
2513,5
2514,6
2515,4
2516,6
2517,6
2518,6
2519,1
2520,2
2521,1
2522,6
2523,5
2524,6
2525,2
2526,4
2527,4
2528,2
2529,2
2530,6
2531,4
2532,5
2533,6
2534,6
2535,6
2536,6
2537,4
2538,6
2539,2
2540,5
2541,4
2542,6
2543,4
2544,3
2545,1
2546,2
2547,4
2548,1
2549,1
2550,4
2551,5
2552,4
2553,5
2554,5
2555,5
2556,1
2557,4
2558,5
2559,1
2560,1
2561,6
2562,5
2563,6
2564,6
2565,6
2566,5
2567,6
2568,4
2569,5
2570,1
2571,4
2572,1
2573,6
2574,6
2575,6
2576,6
2577,5
2578,1
2579,5
2580,6
2581,1
2582,6
2583,4
2584,4
2585,6
2586,4
2587,6
2588,4
2589,6
2590,6
2591,6
2592,2
2593,1
2594,4
2595,6
2596,5
2597,6
2598,2
2599,6
2600,4
2601,2
2602,4
2603,2
2604,1
2605,4
2606,1
2607,5
2608,5
2609,4
2610,4
2611,4
2612,2
2613,4
2614,6
2615,4
2616,4
2617,4
2618,2
2619,1
2620,4
2621,6
2622,4
2623,6
2624,4
2625,6
2626,4
2627,4
2628,5
2629,5
2630,1
2631,4
2632,1
2633,1
2634,4
2635,5
2636,6
2637,5
2638,4
2639,4
2640,6
2641,1
2642,6
2643,6
2644,4
2645,4
2646,5
2647,4
2648,5
2649,1
2650,6
2651,4
2652,6
2653,5
2654,6
2655,6
2656,4
2657,5
2658,6
2659,1
2660,4
2661,4
2662,1
2663,4
2664,5
2665,6
2666,2
2667,4
2668,6
2669,4
2670,5
2671,6
2672,6
2673,6
2674,6
2675,6
2676,1
2677,4
2678,1
2679,6
2680,6
2681,6
2682,6
2683,4
2684,4
2685,4
2686,4
2687,5
2688,2
2689,2
2690,2
2691,4
2692,5
2693,1
2694,5
2695,4
2696,4
2697,4
2698,4
2699,2
2700,6
2701,6
2702,4
2703,1
2704,4
2705,4
2706,1
2707,4
2708,4
2709,1
2710,6
2711,5
2712,4
2713,4
2714,1
2715,6
2716,1
2717,6
2718,4
2719,6
2720,4
2721,4
2722,5
2723,1
2724,6
2725,6
2726,1
2727,4
2728,6
2729,1
2730,6
2731,6
2732,5
2733,4
2734,6
2735,4
2736,6
2737,6
2738,5
2739,6
2740,2
2741,1
2742,6
2743,4
2744,1
2745,2
2746,6
2747,5
2748,5
2749,5
2750,6
2751,5
2752,4
2753,6
2754,4
2755,5
2756,6
2757,2
2758,2
2759,4
2760,1
2761,4
2762,5
2763,4
2764,4
2765,4
2766,4
2767,6
2768,6
2769,2
2770,5
2771,4
2772,5
2773,4
2774,2
2775,4
2776,1
2777,4
2778,1
2779,6
2780,4
2781,6
2782,4
2783,1
2784,4
2785,1
2786,6
2787,4
2788,4
2789,4
2790,5
2791,1
2792,4
2793,6
2794,6
2795,4
2796,5
2797,6
2798,6
2799,6
2800,5
2801,1
2802,1
2803,4
2804,5
2805,4
2806,6
2807,6
2808,6
2809,6
2810,5
2811,1
2812,6
2813,5
2814,4
2815,5
2816,6
2817,6
2818,6
2819,6
2820,5
2821,4
2822,6
2823,1
2824,4
2825,6
2826,6
2827,5
2828,1
2829,4
2830,6
2831,2
2832,2
2833,4
2834,1
2835,4
2836,2
2837,4
2838,2
2839,4
2840,6
2841,4
2842,1
2843,5
2844,6
2845,1
2846,5
2847,6
2848,5
2849,5
2850,4
2851,5
2852,6
2853,4
2854,6
2855,4
2856,4
2857,4
2858,4
2859,1
2860,5
2861,5
2862,5
2863,6
2864,4
2865,4
2866,4
2867,4
2868,4
2869,4
2870,1
2871,6
2872,1
2873,6
2874,1
2875,5
2876,6
2877,6
2878,6
2879,6
2880,4
2881,4
2882,4
2883,1
2884,4
2885,1
2886,5
2887,6
2888,6
2889,6
2890,4
2891,4
2892,5
2893,2
2894,6
2895,6
2896,1
2897,4
2898,4
2899,6
2900,4
2901,5
2902,4
2903,4
2904,5
2905,1
2906,2
2907,6
2908,6
2909,6
2910,4
2911,6
2912,4
2913,4
2914,1
2915,4
2916,6
2917,6
2918,5
2919,1
2920,4
2921,4
2922,1
2923,2
2924,4
2925,6
2926,4
2927,4
2928,1
2929,2
2930,5
2931,6
2932,4
2933,5
2934,6
2935,5
2936,6
2937,4
2938,4
2939,6
2940,6
2941,4
2942,1
2943,4
2944,2
2945,5
2946,6
2947,4
2948,4
2949,1
2950,6
2951,5
2952,1
2953,4
2954,6
2955,6
2956,5
2957,1
2958,4
2959,4
2960,4
2961,1
2962,4
2963,6
2964,4
2965,5
2966,4
2967,5
2968,6
2969,4
2970,1
2971,4
2972,6
2973,5
2974,5
2975,5
2976,4
2977,6
2978,4
2979,1
2980,6
2981,6
2982,4
2983,6
2984,6
2985,6
2986,4
2987,4
2988,5
2989,1
2990,2
2991,6
2992,1
2993,4
2994,6
2995,1
2996,1
2997,2
2998,4
2999,6
3000,1
3001,6
3002,4
3003,2
3004,4
3005,4
3006,4
3007,6
3008,6
3009,1
3010,4
3011,4
3012,4
3013,5
3014,4
3015,4
3016,4
3017,6
3018,5
3019,4
3020,4
3021,5
3022,4
3023,4
3024,6
3025,6
3026,1
3027,4
3028,4
3029,4
3030,4
3031,5
3032,4
3033,6
3034,4
3035,5
3036,6
3037,1
3038,6
3039,4
3040,4
3041,6
3042,1
3043,6
3044,5
3045,4
3046,6
3047,1
3048,6
3049,1
3050,5
3051,6
3052,4
3053,6
3054,6
3055,1
3056,4
3057,5
3058,6
3059,6
3060,6
3061,4
3062,1
3063,6
3064,4
3065,5
3066,2
3067,1
3068,1
3069,6
3070,2
3071,5
3072,6
3073,4
3074,4
3075,4
3076,4
3077,4
3078,4
3079,6
3080,4
3081,5
3082,4
3083,1
3084,4
3085,1
3086,6
3087,4
3088,4
3089,6
3090,4
3091,6
3092,1
3093,4
3094,5
3095,6
3096,4
3097,4
3098,6
3099,1
3100,4
3101,4
3102,6
3103,5
3104,1
3105,4
3106,5
3107,4
3108,6
3109,6
3110,1
3111,5
3112,6
3113,4
3114,6
3115,5
3116,5
3117,4
3118,4
3119,1
3120,6
3121,6
3122,4
3123,1
3124,4
3125,6
3126,4
3127,4
3128,1
3129,4
3130,5
3131,6
3132,6
3133,1
3134,5
3135,6
3136,4
3137,6
3138,6
3139,5
3140,5
3141,4
3142,1
3143,2
3144,4
3145,6
3146,2
3147,6
3148,5
3149,4
3150,6
3151,4
3152,1
3153,6
3154,4
3155,4
3156,4
3157,4
3158,6
3159,4
3160,1
3161,6
3162,4
3163,2
3164,6
3165,4
3166,1
3167,4
3168,4
3169,5
3170,4
3171,6
3172,1
3173,4
3174,4
3175,6
3176,5
3177,4
3178,6
3179,5
3180,5
3181,4
3182,4
3183,6
3184,1
3185,4
3186,1
3187,6
3188,4
3189,4
3190,4
3191,4
3192,6
3193,6
3194,6
3195,4
3196,5
3197,6
3198,6
3199,2
3200,1
3201,4
3202,6
3203,4
3204,5
3205,4
3206,5
3207,5
3208,4
3209,6
3210,1
3211,5
3212,4
3213,6
3214,1
3215,1
3216,6
3217,5
3218,6
3219,6
3220,6
3221,4
3222,4
3223,6
3224,4
3225,1
3226,5
3227,6
3228,5
3229,6
3230,4
3231,4
3232,6
3233,1
3234,1
3235,4
3236,1
3237,6
3238,4
3239,4
3240,4
3241,4
3242,4
3243,1
3244,2
3245,4
3246,5
3247,6
3248,4
3249,4
3250,4
3251,4
3252,4
3253,5
3254,4
3255,1
3256,6
3257,4
3258,4
3259,6
3260,4
3261,4
3262,1
3263,6
3264,6
3265,4
3266,4
3267,1
3268,6
3269,6
3270,6
3271,6
3272,1
3273,6
3274,6
3275,5
3276,4
3277,5
3278,6
3279,1
3280,5
3281,5
3282,5
3283,6
3284,1
3285,4
3286,6
3287,6
3288,4
3289,6
3290,4
3291,4
3292,1
3293,5
3294,6
3295,5
3296,6
3297,5
3298,6
3299,1
3300,5
3301,4
3302,6
3303,4
3304,6
3305,6
3306,1
3307,6
3308,4
3309,6
3310,4
3311,1
3312,4
3313,4
3314,1
3315,4
3316,4
3317,1
3318,4
3319,4
3320,6
3321,4
3322,6
3323,4
3324,2
3325,4
3326,4
3327,4
3328,6
3329,6
3330,4
3331,1
3332,5
3333,4
3334,4
3335,4
3336,4
3337,6
3338,1
3339,6
3340,5
3341,1
3342,4
3343,6
3344,4
3345,6
3346,6
3347,6
3348,5
3349,5
3350,1
3351,6
3352,5
3353,6
3354,6
3355,6
3356,6
3357,1
3358,5
3359,6
3360,6
3361,6
3362,6
3363,4
3364,6
3365,5
3366,5
3367,1
3368,4
3369,6
3370,5
3371,6
3372,4
3373,1
3374,4
3375,1
3376,4
3377,4
3378,4
3379,5
3380,6
3381,1
3382,6
3383,6
3384,4
3385,4
3386,1
3387,4
3388,4
3389,1
3390,6
3391,1
3392,4
3393,4
3394,4
3395,4
3396,4
3397,4
3398,4
3399,4
3400,4
3401,4
3402,6
3403,1
3404,6
3405,4
3406,6
3407,6
3408,6
3409,5
3410,4
3411,1
3412,6
3413,1
3414,4
3415,4
3416,5
3417,6
3418,4
3419,5
3420,1
3421,4
3422,6
3423,6
3424,1
3425,6
3426,5
3427,6
3428,4
3429,5
3430,4
3431,1
3432,5
3433,6
3434,6
3435,5
3436,4
3437,6
3438,6
3439,1
3440,5
3441,6
3442,4
3443,5
3444,5
3445,6
3446,6
3447,6
3448,4
3449,6
3450,1
3451,4
3452,4
3453,1
3454,4
3455,4
3456,4
3457,4
3458,6
3459,6
3460,4
3461,5
3462,1
3463,4
3464,1
3465,1
3466,4
3467,4
3468,4
3469,6
3470,2
3471,6
3472,4
3473,1
3474,6
3475,4
3476,4
3477,6
3478,6
3479,4
3480,1
3481,4
3482,4
3483,4
3484,4
3485,6
3486,6
3487,4
3488,4
3489,4
3490,4
3491,1
3492,6
3493,6
3494,5
3495,6
3496,6
3497,1
3498,4
3499,5
3500,6
3501,5
3502,6
3503,6
3504,5
3505,1
3506,6
3507,6
3508,6
3509,5
3510,5
3511,6
3512,6
3513,6
3514,6
3515,6
3516,5
3517,4
3518,1
3519,5
3520,4
3521,4
3522,1
3523,4
3524,1
3525,4
3526,4
3527,6
3528,6
3529,6
3530,6
3531,6
3532,6
3533,6
3534,6
3535,6
3536,6
3537,6
3538,6
3539,6
3540,6
3541,6
3542,6
3543,6
3544,6
3545,6
3546,6
3547,6
3548,6
3549,6
3550,6
3551,6
3552,6
3553,6
3554,6
3555,6
3556,6
3557,6
3558,6
3559,6
3560,6
3561,6
3562,6
3563,6
3564,5
3565,5
3566,5
3567,5
3568,5
3569,5
3570,5
3571,5
3572,5
3573,5
3574,5
3575,5
3576,5
3577,5
3578,5
3579,5
3580,4
3581,4
3582,4
3583,4
3584,4
3585,4
3586,4
3587,4
3588,4
3589,4
3590,4
3591,4
3592,4
3593,4
3594,4
3595,4
3596,4
3597,4
3598,4
3599,4
3600,4
3601,4
3602,4
3603,4
3604,4
3605,4
3606,4
3607,4
3608,4
3609,4
3610,4
3611,4
3612,4
3613,4
3614,4
3615,1
3616,1
3617,1
3618,1
3619,1
3620,1
3621,1
3622,1
3623,1
3624,1
3625,1
3626,1
3627,1
3628,1
3629,1
3630,1
3631,1
3632,1
3633,4
3634,4
3635,1
3636,4
3637,1
3638,4
3639,4
3640,5
3641,1
3642,4
3643,5
3644,6
3645,6
3646,6
3647,6
3648,6
3649,5
3650,5
3651,6
3652,6
3653,6
3654,1
3655,5
3656,6
3657,6
3658,5
3659,6
3660,5
3661,4
3662,1
3663,6
3664,6
3665,5
3666,6
3667,6
3668,1
3669,4
3670,4
3671,4
3672,4
3673,6
3674,6
3675,4
3676,4
3677,4
3678,4
3679,1
3680,4
3681,6
3682,6
3683,4
3684,4
3685,6
3686,1
3687,4
3688,6
3689,2
3690,6
3691,4
3692,4
3693,4
3694,1
3695,1
3696,4
3697,1
3698,5
3699,4
3700,6
3701,6
3702,4
3703,4
3704,4
3705,4
3706,1
3707,4
3708,4
3709,1
3710,6
3711,4
3712,6
3713,6
3714,6
3715,5
3716,5
3717,4
3718,6
3719,5
3720,1
3721,6
3722,6
3723,4
3724,5
3725,6
3726,6
3727,5
3728,1
3729,4
3730,5
3731,4
3732,6
3733,5
3734,6
3735,1
3736,6
3737,6
3738,4
3739,1
3740,5
3741,4
3742,6
3743,5
3744,4
3745,4
3746,1
3747,6
3748,1
3749,4
3750,5
3751,6
3752,6
3753,6
3754,4
3755,6
3756,1
3757,6
3758,4
3759,4
3760,4
3761,4
3762,4
3763,2
3764,4
3765,4
3766,4
3767,4
3768,1
3769,6
3770,1
3771,4
3772,4
3773,1
3774,4
3775,4
3776,6
3777,6
3778,1
3779,6
3780,5
3781,4
3782,4
3783,4
3784,1
3785,4
3786,1
3787,4
3788,6
3789,5
3790,6
3791,4
3792,1
3793,5
3794,5
3795,6
3796,4
3797,6
3798,6
3799,6
3800,6
3801,5
3802,1
3803,6
3804,6
3805,6
3806,6
3807,5
3808,6
3809,1
3810,5
3811,5
3812,6
3813,6
3814,6
3815,4
3816,6
3817,4
3818,1
3819,5
3820,6
3821,1
3822,6
3823,4
3824,4
3825,4
3826,4
3827,5
3828,1
3829,6
3830,4
3831,6
3832,2
3833,4
3834,4
3835,2
3836,4
3837,6
3838,4
3839,6
3840,4
3841,4
3842,1
3843,4
3844,4
3845,1
3846,4
3847,4
3848,1
3849,4
3850,6
3851,4
3852,6
3853,1
3854,6
3855,6
3856,4
3857,6
3858,4
3859,5
3860,1
3861,6
3862,5
3863,6
3864,5
3865,6
3866,5
3867,1
3868,4
3869,4
3870,6
3871,4
3872,6
3873,6
3874,4
3875,1
3876,6
3877,5
3878,5
3879,5
3880,1
3881,6
3882,5
3883,4
3884,5
3885,6
3886,6
3887,1
3888,6
3889,6
3890,6
3891,6
3892,1
3893,4
3894,4
3895,6
3896,6
3897,1
3898,4
3899,4
3900,6
3901,4
3902,4
3903,6
3904,1
3905,4
3906,5
3907,4
3908,4
3909,4
3910,4
3911,4
3912,6
3913,5
3914,4
3915,2
3916,1
3917,4
3918,4
3919,4
3920,4
3921,4
3922,6
3923,1
3924,4
3925,1
3926,1
3927,6
3928,4
3929,4
3930,6
3931,5
3932,6
3933,5
3934,1
3935,4
3936,6
3937,4
3938,4
3939,6
3940,6
3941,6
3942,5
3943,6
3944,1
3945,1
3946,6
3947,4
3948,5
3949,1
3950,6
3951,4
3952,5
3953,5
3954,4
3955,5
3956,4
3957,6
3958,4
3959,1
3960,2
3961,6
3962,6
3963,5
3964,4
3965,6
3966,6
3967,6
3968,4
3969,4
3970,4
3971,4
3972,6
3973,1
3974,4
3975,1
3976,6
3977,4
3978,4
3979,5
3980,5
3981,6
3982,4
3983,5
3984,6
3985,4
3986,4
3987,1
3988,6
3989,4
3990,5
3991,4
3992,4
3993,1
3994,4
3995,6
3996,2
3997,4
3998,6
3999,1
4000,4
4001,6
4002,4
4003,4
4004,4
4005,4
4006,6
4007,1
4008,4
4009,6
4010,4
4011,5
4012,6
4013,2
4014,6
4015,4
4016,2
4017,1
4018,4
4019,5
4020,5
4021,6
4022,6
4023,4
4024,6
4025,5
4026,1
4027,6
4028,6
4029,5
4030,4
4031,1
4032,4
4033,4
4034,6
4035,4
4036,1
4037,4
4038,6
4039,6
4040,1
4041,4
4042,4
4043,5
4044,5
4045,6
4046,4
4047,6
4048,5
4049,1
4050,6
4051,6
4052,4
4053,5
4054,4
4055,1
4056,5
4057,6
4058,4
4059,4
4060,1
4061,6
4062,4
4063,4
4064,6
4065,5
4066,4
4067,1
4068,6
4069,2
4070,6
4071,4
4072,4
4073,6
4074,1
4075,4
4076,1
4077,4
4078,5
4079,4
4080,6
4081,4
4082,4
4083,4
4084,4
4085,4
4086,4
4087,6
4088,5
4089,2
4090,6
4091,1
4092,1
4093,2
4094,5
4095,4
4096,6
4097,1
4098,4
4099,6
4100,6
4101,6
4102,5
4103,4
4104,1
4105,6
4106,6
4107,4
4108,6
4109,5
4110,1
4111,6
4112,1
4113,6
4114,4
4115,5
4116,6
4117,1
4118,6
4119,4
4120,4
4121,6
4122,1
4123,6
4124,5
4125,4
4126,6
4127,4
4128,5
4129,4
4130,4
4131,4
4132,4
4133,1
4134,6
4135,6
4136,4
4137,4
4138,5
4139,4
4140,4
4141,5
4142,6
4143,4
4144,4
4145,4
4146,5
4147,4
4148,4
4149,4
4150,1
4151,6
4152,6
4153,4
4154,4
4155,4
4156,2
4157,4
4158,6
4159,1
4160,6
4161,4
4162,2
4163,1
4164,1
4165,6
4166,4
4167,1
4168,6
4169,2
4170,1
4171,5
4172,4
4173,4
4174,6
4175,6
4176,6
4177,4
4178,6
4179,6
4180,1
4181,4
4182,6
4183,4
4184,5
4185,5
4186,5
4187,6
4188,4
4189,1
4190,4
4191,6
4192,5
4193,4
4194,5
4195,4
4196,6
4197,4
4198,1
4199,4
4200,4
4201,4
4202,1
4203,5
4204,6
4205,6
4206,4
4207,1
4208,5
4209,6
4210,1
4211,4
4212,4
4213,6
4214,5
4215,2
4216,4
4217,1
4218,4
4219,6
4220,6
4221,4
4222,4
4223,6
4224,5
4225,6
4226,5
4227,4
4228,6
4229,5
4230,2
4231,1
4232,4
4233,4
4234,6
4235,4
4236,2
4237,1
4238,4
4239,4
4240,1
4241,5
4242,6
4243,6
4244,4
4245,1
4246,4
4247,4
4248,6
4249,4
4250,6
4251,6
4252,6
4253,2
4254,1
4255,5
4256,4
4257,4
4258,5
4259,4
4260,6
4261,4
4262,4
4263,1
4264,6
4265,6
4266,2
4267,5
4268,4
4269,4
4270,6
4271,6
4272,6
4273,5
4274,1
4275,4
4276,1
4277,4
4278,4
4279,4
4280,6
4281,6
4282,6
4283,6
4284,5
4285,1
4286,6
4287,1
4288,6
4289,1
4290,4
4291,4
4292,4
4293,4
4294,4
4295,4
4296,6
4297,5
4298,5
4299,5
4300,1
4301,4
4302,4
4303,4
4304,4
4305,6
4306,4
4307,6
4308,5
4309,4
4310,5
4311,5
4312,6
4313,5
4314,1
4315,6
4316,5
4317,1
4318,4
4319,6
4320,4
4321,2
4322,4
4323,2
4324,4
4325,1
4326,4
4327,2
4328,2
4329,6
4330,4
4331,1
4332,5
4333,6
4334,6
4335,4
4336,1
4337,6
4338,4
4339,5
4340,6
4341,6
4342,6
4343,6
4344,5
4345,4
4346,5
4347,6
4348,1
4349,5
4350,6
4351,6
4352,6
4353,6
4354,4
4355,5
4356,4
4357,1
4358,1
4359,5
4360,6
4361,6
4362,6
4363,5
4364,4
4365,6
4366,6
4367,4
4368,1
4369,5
4370,4
4371,4
4372,4
4373,6
4374,1
4375,4
4376,1
4377,4
4378,6
4379,4
4380,6
4381,1
4382,4
4383,1
4384,4
4385,2
4386,4
4387,5
4388,4
4389,5
4390,2
4391,6
4392,6
4393,4
4394,4
4395,4
4396,4
4397,5
4398,4
4399,1
4400,4
4401,2
4402,2
4403,6
4404,5
4405,4
4406,6
4407,4
4408,5
4409,6
4410,5
4411,5
4412,5
4413,6
4414,2
4415,1
4416,6
4417,4
4418,1
4419,2
4420,6
4421,5
4422,6
4423,6
4424,4
4425,6
4426,4
4427,5
4428,6
4429,6
4430,1
4431,6
4432,4
4433,1
4434,6
4435,6
4436,1
4437,5
4438,4
4439,4
4440,6
4441,4
4442,6
4443,1
4444,6
4445,1
4446,4
4447,4
4448,5
4449,6
4450,1
4451,4
4452,4
4453,1
4454,4
4455,4
4456,1
4457,4
4458,6
4459,6
4460,2
4461,4
4462,4
4463,4
4464,4
4465,5
4466,1
4467,5
4468,4
4469,2
4470,2
4471,2
4472,5
4473,4
4474,4
4475,4
4476,4
4477,6
4478,6
4479,6
4480,6
4481,1
4482,4
4483,1
4484,6
4485,6
4486,6
4487,6
4488,6
4489,5
4490,4
4491,6
4492,4
4493,2
4494,6
4495,5
4496,4
4497,1
4498,4
4499,4
4500,1
4501,6
4502,5
4503,4
4504,6
4505,6
4506,5
4507,6
4508,4
4509,6
4510,1
4511,5
4512,4
4513,5
4514,4
4515,4
4516,6
4517,6
4518,1
4519,6
4520,4
4521,4
4522,5
4523,6
4524,5
4525,4
4526,1
4527,1
4528,4
4529,1
4530,5
4531,5
4532,4
4533,4
4534,6
4535,4
4536,6
4537,4
4538,6
4539,4
4540,1
4541,2
4542,4
4543,4
4544,4
4545,6
4546,4
4547,2
4548,4
4549,4
4550,4
4551,5
4552,5
4553,1
4554,4
4555,1
4556,2
4557,4
4558,2
4559,4
4560,6
4561,2
4562,6
4563,5
4564,6
4565,4
4566,1
4567,2
4568,6
4569,6
4570,6
4571,4
4572,6
4573,4
4574,6
4575,4
4576,4
4577,6
4578,1
4579,6
4580,5
4581,1
4582,5
4583,6
4584,6
4585,6
4586,6
4587,1
4588,4
4589,1
4590,5
4591,4
4592,6
4593,5
4594,6
4595,6
4596,6
4597,5
4598,6
4599,1
4600,1
4601,5
4602,4
4603,1
4604,5
4605,5
4606,5
4607,4
4608,5
4609,4
4610,1
4611,1
4612,4
4613,2
4614,1
4615,3
4616,4
4617,6
4618,4
4619,5
4620,2
4621,6
4622,4
4623,6
4624,6
4625,6
4626,6
4627,5
4628,4
4629,6
4630,2
4631,2
4632,4
4633,4
4634,2
4635,6
4636,5
4637,6
4638,1
4639,2
4640,1
4641,6
4642,6
4643,6
4644,4
4645,6
4646,5
4647,3
4648,2
4649,5
4650,3
4651,5
4652,6
4653,5
4654,1
4655,6
4656,6
4657,6
4658,6
4659,4
4660,5
4661,1
4662,1
4663,4
4664,6
4665,1
4666,1
4667,3
4668,6
4669,1
4670,6
4671,5
4672,6
4673,6
4674,6
4675,1
4676,5
4677,4
4678,5
4679,4
4680,3
4681,3
4682,4
4683,6
4684,6
4685,5
4686,5
4687,2
4688,1
4689,2
4690,2
4691,2
4692,1
4693,6
4694,2
4695,6
4696,2
4697,4
4698,6
4699,6
4700,2
4701,6
4702,6
4703,6
4704,1
4705,6
4706,1
4707,5
4708,6
4709,6
4710,6
4711,6
4712,5
4713,1
4714,6
4715,5
4716,1
4717,6
4718,6
4719,5
4720,5
4721,1
4722,1
4723,2
4724,6
4725,3
4726,1
4727,1
4728,6
4729,1
4730,5
4731,5
4732,3
4733,5
4734,6
4735,6
4736,4
4737,1
4738,3
4739,6
4740,3
4741,6
4742,4
4743,3
4744,3
4745,3
4746,3
4747,6
4748,2
4749,6
4750,4
4751,3
4752,5
4753,2
4754,5
4755,6
4756,6
4757,6
4758,3
4759,5
4760,1
4761,6
4762,2
4763,6
4764,5
4765,2
4766,6
4767,1
4768,6
4769,2
4770,2
4771,6
4772,1
4773,5
4774,6
4775,1
4776,5
4777,6
4778,1
4779,1
4780,6
4781,1
4782,5
4783,6
4784,6
4785,6
4786,6
4787,6
4788,3
4789,5
4790,1
4791,1
4792,1
4793,6
4794,1
4795,3
4796,6
4797,6
4798,5
4799,6
4800,6
4801,5
4802,3
4803,3
4804,3
4805,3
4806,6
4807,2
4808,3
4809,5
4810,3
4811,3
4812,1
4813,5
4814,6
4815,2
4816,3
4817,5
4818,6
4819,6
4820,5
4821,6
4822,6
4823,2
4824,3
4825,1
4826,2
4827,3
4828,3
4829,6
4830,2
4831,6
4832,6
4833,6
4834,6
4835,1
4836,6
4837,1
4838,6
4839,6
4840,2
4841,1
4842,6
4843,5
4844,1
4845,6
4846,5
4847,6
4848,6
4849,5
4850,5
4851,6
4852,1
4853,6
4854,5
4855,6
4856,1
4857,5
4858,1
4859,6
4860,1
4861,3
4862,3
4863,3
4864,3
4865,3
4866,3
4867,1
4868,1
4869,3
4870,3
4871,6
4872,3
4873,3
4874,3
4875,6
4876,6
4877,6
4878,3
4879,3
4880,3
4881,2
4882,6
4883,3
4884,6
4885,6
4886,6
4887,6
4888,1
4889,2
4890,3
4891,2
4892,6
4893,1
4894,1
4895,6
4896,2
4897,2
4898,6
4899,2
4900,2
4901,5
4902,5
4903,6
4904,6
4905,1
4906,6
4907,6
4908,6
4909,1
4910,6
4911,1
4912,6
4913,6
4914,6
4915,5
4916,1
4917,6
4918,3
4919,2
4920,3
4921,1
4922,6
4923,6
4924,3
4925,1
4926,1
4927,6
4928,6
4929,3
4930,5
4931,3
4932,2
4933,3
4934,3
4935,6
4936,3
4937,6
4938,1
4939,1
4940,3
4941,3
4942,3
4943,3
4944,1
4945,3
4946,3
4947,6
4948,3
4949,3
4950,2
4951,2
4952,3
4953,3
4954,3
4955,2
4956,6
4957,6
4958,6
4959,1
4960,2
4961,2
4962,6
4963,6
4964,6
4965,6
4966,1
4967,6
4968,6
4969,6
4970,1
4971,1
4972,6
4973,6
4974,6
4975,1
4976,6
4977,1
4978,3
4979,3
4980,3
4981,3
4982,6
4983,1
4984,1
4985,6
4986,3
4987,1
4988,1
4989,3
4990,3
4991,3
4992,6
4993,3
4994,3
4995,1
4996,6
4997,6
4998,1
4999,3
5000,3
5001,6
5002,3
5003,6
5004,6
5005,6
5006,3
5007,3
5008,3
5009,3
5010,3
5011,6
5012,6
5013,2
5014,6
5015,3
5016,6
5017,3
5018,2
5019,1
5020,6
5021,1
5022,2
5023,2
5024,6
5025,3
5026,2
5027,2
5028,6
5029,2
5030,6
5031,6
5032,6
5033,1
5034,6
5035,6
5036,6
5037,1
5038,6
5039,3
5040,1
5041,1
5042,3
5043,6
5044,6
5045,1
5046,6
5047,3
5048,6
5049,3
5050,6
5051,3
5052,3
5053,6
5054,3
5055,3
5056,6
5057,3
5058,1
5059,3
5060,1
5061,3
5062,3
5063,3
5064,1
5065,3
5066,3
5067,3
5068,3
5069,3
5070,6
5071,6
5072,1
5073,1
5074,6
5075,3
5076,6
5077,6
5078,2
5079,6
5080,3
5081,2
5082,2
5083,3
5084,6
5085,6
5086,2
5087,6
5088,2
5089,6
5090,6
5091,3
5092,2
5093,6
5094,1
5095,1
5096,6
5097,1
5098,6
5099,3
5100,6
5101,6
5102,3
5103,3
5104,1
5105,6
5106,1
5107,1
5108,6
5109,6
5110,3
5111,3
5112,3
5113,3
5114,6
5115,1
5116,3
5117,3
5118,3
5119,3
5120,3
5121,6
5122,3
5123,1
5124,3
5125,6
5126,6
5127,3
5128,3
5129,2
5130,6
5131,6
5132,1
5133,1
5134,3
5135,6
5136,6
5137,6
5138,6
5139,6
5140,3
5141,1
5142,2
5143,3
5144,3
5145,6
5146,2
5147,6
5148,2
5149,6
5150,2
5151,6
5152,6
5153,1
5154,6
5155,1
5156,2
5157,6
5158,6
5159,2
5160,6
5161,3
5162,1
5163,3
5164,3
5165,1
5166,3
5167,6
5168,3
5169,6
5170,3
5171,1
5172,6
5173,3
5174,1
5175,3
5176,3
5177,6
5178,6
5179,3
5180,6
5181,1
5182,3
5183,3
5184,3
5185,6
5186,6
5187,3
5188,3
5189,6
5190,6
5191,1
5192,3
5193,6
5194,3
5195,2
5196,1
5197,6
5198,2
5199,1
5200,2
5201,3
5202,6
5203,1
5204,3
5205,6
5206,3
5207,3
5208,6
5209,6
5210,6
5211,2
5212,6
5213,3
5214,1
5215,2
5216,6
5217,6
5218,1
5219,2
5220,2
5221,1
5222,6
5223,3
5224,6
5225,6
5226,1
5227,3
5228,6
5229,3
5230,3
5231,3
5232,6
5233,3
5234,1
5235,6
5236,3
5237,3
5238,6
5239,2
5240,6
5241,3
5242,3
5243,1
5244,3
5245,3
5246,1
5247,6
5248,6
5249,3
5250,6
5251,3
5252,6
5253,2
5254,6
5255,6
5256,1
5257,3
5258,2
5259,1
5260,3
5261,3
5262,1
5263,6
5264,3
5265,3
5266,6
5267,2
5268,2
5269,6
5270,2
5271,6
5272,1
5273,6
5274,3
5275,6
5276,3
5277,3
5278,2
5279,6
5280,2
5281,6
5282,6
5283,2
5284,1
5285,3
5286,1
5287,6
5288,3
5289,3
5290,1
5291,6
5292,3
5293,6
5294,3
5295,3
5296,6
5297,6
5298,6
5299,3
5300,1
5301,6
5302,3
5303,6
5304,3
5305,3
5306,6
5307,6
5308,1
5309,2
5310,1
5311,3
5312,3
5313,1
5314,6
5315,1
5316,3
5317,1
5318,3
5319,6
5320,1
5321,6
5322,2
5323,3
5324,6
5325,3
5326,3
5327,6
5328,2
5329,6
5330,2
5331,6
5332,1
5333,2
5334,6
5335,6
5336,6
5337,2
5338,6
5339,3
5340,2
5341,3
5342,3
5343,6
5344,6
5345,3
5346,1
5347,3
5348,1
5349,3
5350,3
5351,1
5352,3
5353,3
5354,3
5355,6
5356,3
5357,3
5358,1
5359,6
5360,6
5361,6
5362,6
5363,6
5364,3
5365,6
5366,3
5367,6
5368,1
5369,6
5370,3
5371,1
5372,6
5373,3
5374,3
5375,1
5376,2
5377,1
5378,6
5379,3
5380,3
5381,6
5382,1
5383,1
5384,6
5385,6
5386,6
5387,1
5388,6
5389,3
5390,2
5391,6
5392,6
5393,2
5394,3
5395,6
5396,3
5397,6
5398,3
5399,3
5400,1
5401,2
5402,3
5403,3
5404,2
5405,2
5406,6
5407,2
5408,3
5409,3
5410,1
5411,3
5412,3
5413,1
5414,3
5415,6
5416,6
5417,3
5418,1
5419,3
5420,6
5421,6
5422,3
5423,3
5424,3
5425,6
5426,6
5427,6
5428,6
5429,1
5430,3
5431,6
5432,3
5433,1
5434,6
5435,6
5436,1
5437,6
5438,3
5439,3
5440,6
5441,3
5442,6
5443,2
5444,1
5445,2
5446,1
5447,6
5448,3
5449,6
5450,6
5451,6
5452,6
5453,2
5454,6
5455,3
5456,3
5457,1
5458,2
5459,2
5460,3
5461,2
5462,3
5463,3
5464,3
5465,6
5466,6
5467,3
5468,3
5469,1
5470,6
5471,6
5472,6
5473,3
5474,3
5475,1
5476,6
5477,3
5478,3
5479,3
5480,3
5481,1
5482,3
5483,6
5484,6
5485,6
5486,6
5487,3
5488,2
5489,6
5490,3
5491,6
5492,1
5493,1
5494,1
5495,1
5496,1
5497,3
5498,6
5499,3
5500,6
5501,1
5502,6
5503,2
5504,6
5505,3
5506,1
5507,6
5508,6
5509,6
5510,2
5511,3
5512,6
5513,6
5514,6
5515,6
5516,6
5517,2
5518,3
5519,2
5520,3
5521,3
5522,3
5523,2
5524,3
5525,3
5526,3
5527,3
5528,3
5529,6
5530,3
5531,3
5532,6
5533,1
5534,3
5535,6
5536,1
5537,2
5538,3
5539,3
5540,6
5541,3
5542,1
5543,6
5544,1
5545,6
5546,2
5547,2
5548,6
5549,2
5550,6
5551,3
5552,2
5553,3
5554,3
5555,1
5556,6
5557,6
5558,1
5559,3
5560,6
5561,3
5562,1
5563,3
5564,6
5565,3
5566,3
5567,6
5568,2
5569,1
5570,6
5571,6
5572,6
5573,6
5574,3
5575,2
5576,3
5577,6
5578,6
5579,1
5580,1
5581,6
5582,3
5583,1
5584,6
5585,2
5586,3
5587,3
5588,2
5589,3
5590,3
5591,3
5592,2
5593,3
5594,6
5595,6
5596,6
5597,6
5598,1
5599,3
5600,2
5601,3
5602,3
5603,3
5604,1
5605,3
5606,6
5607,6
5608,3
5609,6
5610,1
5611,6
5612,1
5613,1
5614,6
5615,6
5616,3
5617,2
5618,3
5619,3
5620,3
5621,3
5622,6
5623,3
5624,1
5625,6
5626,6
5627,3
5628,2
5629,3
5630,3
5631,6
5632,3
5633,3
5634,1
5635,6
5636,6
5637,3
5638,2
5639,6
5640,6
5641,3
5642,3
5643,3
5644,6
5645,6
5646,2
5647,6
5648,6
5649,1
5650,2
5651,3
5652,2
5653,1
5654,3
5655,3
5656,6
5657,3
5658,2
5659,1
5660,6
5661,6
5662,6
5663,6
5664,6
5665,3
5666,3
5667,1
5668,3
5669,6
5670,2
5671,1
5672,3
5673,3
5674,6
5675,6
5676,3
5677,1
5678,2
5679,3
5680,6
5681,1
5682,3
5683,3
5684,6
5685,6
5686,6
5687,6
5688,1
5689,3
5690,1
5691,6
5692,3
5693,3
5694,6
5695,2
5696,2
5697,2
5698,1
5699,3
5700,6
5701,3
5702,6
5703,3
5704,6
5705,3
5706,1
5707,3
5708,1
5709,3
5710,3
5711,3
5712,2
5713,6
5714,6
5715,3
5716,6
5717,6
5718,3
5719,3
5720,1
5721,3
5722,6
5723,3
5724,2
5725,3
5726,3
5727,6
5728,6
5729,2
5730,3
5731,6
5732,6
5733,2
5734,2
5735,6
5736,1
5737,6
5738,3
5739,6
5740,2
5741,3
5742,3
5743,6
5744,3
5745,1
5746,3
5747,3
5748,6
5749,6
5750,6
5751,1
5752,3
5753,3
5754,3
5755,1
5756,3
5757,1
5758,6
5759,6
5760,3
5761,3
5762,6
5763,3
5764,6
5765,6
5766,2
5767,6
5768,1
5769,3
5770,3
5771,1
5772,3
5773,2
5774,3
5775,2
5776,6
5777,3
5778,6
5779,1
5780,6
5781,6
5782,1
5783,3
5784,3
5785,2
5786,6
5787,3
5788,6
5789,6
5790,2
5791,3
5792,6
5793,3
5794,6
5795,3
5796,3
5797,6
5798,3
5799,1
5800,3
5801,3
5802,3
5803,3
5804,2
5805,6
5806,3
5807,6
5808,6
5809,3
5810,6
5811,6
5812,1
5813,6
5814,6
5815,6
5816,3
5817,1
5818,6
5819,1
5820,6
5821,3
5822,2
5823,1
5824,2
5825,3
5826,2
5827,3
5828,3
5829,3
5830,6
5831,1
5832,3
5833,2
5834,6
5835,6
5836,3
5837,6
5838,3
5839,3
5840,3
5841,1
5842,6
5843,3
5844,6
5845,6
5846,2
5847,6
5848,3
5849,1
5850,3
5851,2
5852,6
5853,3
5854,6
5855,1
5856,6
5857,3
5858,3
5859,6
5860,3
5861,6
5862,2
5863,3
5864,6
5865,6
5866,3
5867,2
5868,3
5869,2
5870,3
5871,3
5872,6
5873,6
5874,6
5875,3
5876,3
5877,6
5878,1
5879,3
5880,6
5881,3
5882,3
5883,6
5884,3
5885,3
5886,6
5887,1
5888,1
5889,1
5890,2
5891,1
5892,3
5893,3
5894,6
5895,3
5896,6
5897,6
5898,3
5899,2
5900,6
5901,1
5902,3
5903,3
5904,3
5905,6
5906,2
5907,2
5908,3
5909,3
5910,3
5911,6
5912,2
5913,1
5914,3
5915,1
5916,3
5917,3
5918,6
5919,6
5920,6
5921,3
5922,6
5923,3
5924,3
5925,3
5926,3
5927,6
5928,6
5929,2
5930,3
5931,6
5932,2
5933,3
5934,3
5935,1
5936,3
5937,3
5938,3
5939,6
5940,6
5941,3
5942,3
5943,6
5944,6
5945,6
5946,6
5947,6
5948,3
5949,2
5950,3
5951,2
5952,6
5953,3
5954,3
5955,3
5956,3
5957,1
5958,2
5959,1
5960,1
5961,3
5962,1
5963,3
5964,3
5965,6
5966,6
5967,2
5968,3
5969,1
5970,6
5971,1
5972,6
5973,6
5974,3
5975,3
5976,1
5977,3
5978,6
5979,3
5980,3
5981,6
5982,6
5983,3
5984,6
5985,3
5986,3
5987,6
5988,6
5989,6
5990,3
5991,3
5992,2
5993,2
5994,2
5995,3
5996,3
5997,3
5998,6
5999,2
6000,3
6001,6
6002,6
6003,6
6004,6
6005,3
6006,2
6007,3
6008,3
6009,6
6010,6
6011,6
6012,3
6013,1
6014,6
6015,2
6016,1
6017,3
6018,3
6019,3
6020,1
6021,3
6022,1
6023,3
6024,1
6025,1
6026,6
6027,2
6028,1
6029,3
6030,3
6031,6
6032,6
6033,3
6034,6
6035,3
6036,2
6037,3
6038,6
6039,3
6040,6
6041,2
6042,6
6043,2
6044,6
6045,3
6046,3
6047,3
6048,6
6049,2
6050,3
6051,6
6052,6
6053,3
6054,6
6055,6
6056,3
6057,6
6058,3
6059,6
6060,6
6061,3
6062,3
6063,2
6064,3
6065,3
6066,2
6067,1
6068,3
6069,3
6070,3
6071,3
6072,6
6073,6
6074,6
6075,2
6076,3
6077,6
6078,3
6079,2
6080,1
6081,1
6082,1
6083,1
6084,6
6085,3
6086,3
6087,1
6088,1
6089,3
6090,6
6091,6
6092,6
6093,3
6094,2
6095,6
6096,3
6097,3
6098,3
6099,3
6100,3
6101,3
6102,6
6103,6
6104,2
6105,3
6106,2
6107,3
6108,3
6109,6
6110,6
6111,6
6112,2
6113,2
6114,6
6115,3
6116,3
6117,6
6118,6
6119,2
6120,3
6121,6
6122,6
6123,3
6124,3
6125,6
6126,6
6127,3
6128,3
6129,3
6130,3
6131,3
6132,3
6133,3
6134,3
6135,2
6136,6
6137,3
6138,6
6139,1
6140,2
6141,6
6142,1
6143,1
6144,1
6145,2
6146,3
6147,1
6148,3
6149,6
6150,3
6151,1
6152,6
6153,3
6154,3
6155,6
6156,3
6157,6
6158,3
6159,3
6160,3
6161,6
6162,6
6163,3
6164,2
6165,3
6166,2
6167,6
6168,3
6169,6
6170,3
6171,2
6172,3
6173,3
6174,6
6175,2
6176,3
6177,6
6178,2
6179,6
6180,2
6181,3
6182,3
6183,6
6184,6
6185,6
6186,1
6187,3
6188,6
6189,1
6190,3
6191,6
6192,2
6193,1
6194,3
6195,1
6196,3
6197,3
6198,1
6199,3
6200,3
6201,2
6202,3
6203,3
6204,6
6205,3
6206,3
6207,2
6208,3
6209,6
6210,3
6211,2
6212,2
6213,3
6214,3
6215,6
6216,6
6217,3
6218,3
6219,6
6220,6
6221,6
6222,3
6223,1
6224,3
6225,1
6226,6
6227,6
6228,3
6229,6
6230,3
6231,3
6232,2
6233,3
6234,3
6235,3
6236,1
6237,6
6238,3
6239,2
6240,6
6241,2
6242,3
6243,6
6244,6
6245,3
6246,1
6247,6
6248,1
6249,3
6250,3
6251,2
6252,3
6253,6
6254,1
6255,3
6256,6
6257,3
6258,2
6259,3
6260,3
6261,6
6262,3
6263,2
6264,2
6265,3
6266,6
6267,6
6268,6
6269,6
6270,3
6271,1
6272,3
6273,6
6274,6
6275,3
6276,3
6277,3
6278,2
6279,2
6280,6
6281,6
6282,6
6283,1
6284,3
6285,6
6286,3
6287,2
6288,3
6289,3
6290,2
6291,2
6292,3
6293,3
6294,3
6295,3
6296,3
6297,3
6298,6
6299,3
6300,3
6301,2
6302,3
6303,1
6304,1
6305,1
6306,3
6307,3
6308,6
6309,6
6310,3
6311,3
6312,6
6313,3
6314,3
6315,6
6316,3
6317,6
6318,6
6319,2
6320,3
6321,6
6322,2
6323,6
6324,6
6325,2
6326,2
6327,3
6328,6
6329,6
6330,3
6331,3
6332,6
6333,6
6334,3
6335,3
6336,3
6337,3
6338,3
6339,2
6340,3
6341,3
6342,2
6343,3
6344,2
6345,3
6346,6
6347,6
6348,2
6349,2
6350,6
6351,6
6352,1
6353,1
6354,3
6355,3
6356,3
6357,3
6358,3
6359,6
6360,6
6361,2
6362,3
6363,6
6364,6
6365,3
6366,3
6367,1
6368,3
6369,3
6370,3
6371,2
6372,6
6373,2
6374,6
6375,6
6376,2
6377,3
6378,6
6379,2
6380,2
6381,3
6382,6
6383,3
6384,3
6385,6
6386,6
6387,3
6388,6
6389,3
6390,6
6391,6
6392,3
6393,2
6394,3
6395,3
6396,3
6397,1
6398,2
6399,2
6400,3
6401,3
6402,3
6403,2
6404,3
6405,2
6406,6
6407,3
6408,6
6409,3
6410,1
6411,3
6412,6
6413,3
6414,6
6415,2
6416,3
6417,6
6418,3
6419,3
6420,3
6421,2
6422,3
6423,6
6424,1
6425,3
6426,2
6427,3
6428,6
6429,3
6430,6
6431,2
6432,6
6433,3
6434,3
6435,2
6436,6
6437,3
6438,6
6439,6
6440,3
6441,6
6442,3
6443,6
6444,2
6445,2
6446,2
6447,3
6448,3
6449,3
6450,2
6451,3
6452,2
6453,3
6454,3
6455,3
6456,6
6457,2
6458,3
6459,1
6460,6
6461,3
6462,3
6463,6
6464,3
6465,3
6466,3
6467,2
6468,3
6469,6
6470,2
6471,6
6472,6
6473,3
6474,6
6475,3
6476,3
6477,3
6478,6
6479,3
6480,3
6481,2
6482,6
6483,2
6484,2
6485,3
6486,2
6487,2
6488,6
6489,6
6490,6
6491,3
6492,2
6493,6
6494,3
6495,3
6496,6
6497,2
6498,6
6499,3
6500,3
6501,3
6502,2
6503,3
6504,6
6505,3
6506,3
6507,6
6508,3
6509,2
6510,3
6511,3
6512,3
6513,6
6514,3
6515,2
6516,6
6517,6
6518,6
6519,3
6520,2
6521,3
6522,3
6523,6
6524,6
6525,3
6526,3
6527,3
6528,6
6529,3
6530,3
6531,2
6532,2
6533,3
6534,3
6535,2
6536,6
6537,3
6538,3
6539,3
6540,2
6541,3
6542,3
6543,6
6544,3
6545,6
6546,3
6547,6
6548,3
6549,6
6550,6
6551,6
6552,3
6553,6
6554,2
6555,2
6556,2
6557,6
6558,3
6559,3
6560,2
6561,2
6562,3
6563,3
6564,3
6565,2
6566,3
6567,6
6568,3
6569,3
6570,3
6571,3
6572,3
6573,3
6574,6
6575,3
6576,6
6577,3
6578,2
6579,6
6580,3
6581,3
6582,3
6583,2
6584,2
6585,6
6586,3
6587,6
6588,3
6589,3
6590,3
6591,3
6592,3
6593,6
6594,2
6595,3
6596,6
6597,6
6598,3
6599,6
6600,6
6601,3
6602,3
6603,3
6604,2
6605,3
6606,3
6607,3
6608,6
6609,6
6610,2
6611,3
6612,2
6613,2
6614,3
6615,3
6616,3
6617,6
6618,6
6619,6
6620,3
6621,2
6622,3
6623,3
6624,6
6625,6
6626,3
6627,2
6628,3
6629,6
6630,3
6631,3
6632,3
6633,6
6634,2
6635,6
6636,3
6637,3
6638,6
6639,3
6640,2
6641,3
6642,3
6643,3
6644,3
6645,3
6646,3
6647,2
6648,6
6649,3
6650,3
6651,6
6652,6
6653,6
6654,3
6655,6
6656,6
6657,2
6658,3
6659,3
6660,3
6661,3
6662,3
6663,2
6664,3
6665,3
6666,3
6667,6
6668,3
6669,3
6670,3
6671,6
6672,2
6673,2
6674,3
6675,3
6676,3
6677,3
6678,2
6679,6
6680,6
6681,3
6682,3
6683,6
6684,3
6685,3
6686,3
6687,6
6688,3
6689,3
6690,6
6691,2
6692,6
6693,6
6694,2
6695,6
6696,3
6697,3
6698,3
6699,3
6700,3
6701,3
6702,3
6703,3
6704,3
6705,3
6706,6
6707,3
6708,3
6709,2
6710,6
6711,3
6712,3
6713,3
6714,6
6715,3
6716,3
6717,3
6718,3
6719,6
6720,3
6721,2
6722,6
6723,6
6724,6
6725,3
6726,6
6727,2
6728,3
6729,3
6730,3
6731,3
6732,6
6733,3
6734,2
6735,6
6736,6
6737,3
6738,3
6739,3
6740,2
6741,3
6742,3
6743,3
6744,6
6745,3
6746,6
6747,3
6748,6
6749,6
6750,3
6751,3
6752,3
6753,3
6754,3
6755,3
6756,3
6757,6
6758,3
6759,3
6760,3
6761,2
6762,3
6763,3
6764,2
6765,6
6766,3
6767,3
6768,6
6769,3
6770,3
6771,3
6772,3
6773,3
6774,3
6775,2
6776,6
6777,6
6778,3
6779,6
6780,2
6781,3
6782,6
6783,3
6784,3
6785,3
6786,6
6787,3
6788,6
6789,3
6790,3
6791,3
6792,3
6793,3
6794,3
6795,6
6796,2
6797,6
6798,3
6799,3
6800,3
6801,3
6802,6
6803,3
6804,3
6805,6
6806,3
6807,6
6808,3
6809,3
6810,3
6811,3
6812,3
6813,3
6814,3
6815,3
6816,3
6817,3
6818,6
6819,2
6820,3
6821,3
6822,6
6823,3
6824,3
6825,6
6826,3
6827,3
6828,6
6829,3
6830,3
6831,3
6832,6
6833,3
6834,2
6835,3
6836,3
6837,6
6838,3
6839,3
6840,6
6841,3
6842,3
6843,3
6844,6
6845,3
6846,3
6847,3
6848,3
6849,3
6850,2
6851,3
6852,3
6853,3
6854,3
6855,6
6856,6
6857,3
6858,3
6859,6
6860,3
6861,3
6862,3
6863,6
6864,3
6865,6
6866,3
6867,3
6868,6
6869,3
6870,3
6871,3
6872,3
6873,3
6874,3
6875,3
6876,6
6877,6
6878,3
6879,6
6880,3
6881,3
6882,2
6883,3
6884,3
6885,3
6886,6
6887,3
6888,3
6889,3
6890,6
6891,3
6892,3
6893,3
6894,3
6895,6
6896,3
6897,3
6898,3
6899,3
6900,3
6901,3
6902,3
6903,6
6904,6
6905,3
6906,6
6907,3
6908,3
6909,3
6910,3
6911,3
6912,3
6913,6
6914,3
6915,3
6916,3
6917,3
6918,3
6919,3
6920,3
6921,3
6922,3
6923,3
6924,6
6925,3
6926,3
6927,3
6928,3
6929,6
6930,6
6931,3
6932,3
6933,3
6934,3
6935,3
6936,3
6937,3
6938,3
6939,3
6940,3
6941,6
6942,3
6943,3
6944,3
6945,6
6946,6
6947,3
6948,3
6949,3
6950,3
6951,3
6952,3
6953,3
6954,6
6955,3
6956,3
6957,3
6958,3
6959,3
6960,3
6961,3
6962,3
6963,3
6964,3
6965,6
6966,6
6967,3
6968,3
6969,3
6970,3
6971,3
6972,3
6973,3
6974,3
6975,3
6976,3
6977,3
6978,3
6979,6
6980,3
6981,3
6982,6
6983,3
6984,3
6985,3
6986,3
6987,3
6988,3
6989,3
6990,3
6991,3
6992,3
6993,3
6994,3
6995,3
6996,3
6997,3
6998,3
6999,3
7000,3
7001,3
7002,3
7003,3
7004,3
7005,3
7006,3
7007,3
7008,3
7009,3
7010,3
7011,3
7012,3
7013,3
7014,3
7015,3
7016,3
7017,3
7018,3
7019,3
7020,3
7021,3
7022,3
7023,3
7024,3
7025,3
7026,3
7027,3
7028,3
7029,3
7030,3
7031,3
7032,3
7033,3
7034,3
7035,3
7036,3
7037,3
7038,3
7039,3
7040,3
7041,3
7042,3
7043,3
7044,3
7045,3
7046,3
7047,3
7048,3
7049,3
7050,3
7051,3
7052,3
7053,3
7054,3
7055,3
7056,3
7057,3
7058,3
7059,3
7060,3
7061,3
7062,3
7063,3
7064,3
7065,3
7066,3
7067,3
7068,3
7069,3
7070,3
7071,3
7072,3
7073,3
7074,3
7075,3
7076,3
7077,3
7078,3
7079,3
7080,3
7081,3
7082,3
7083,3
7084,3
7085,3
7086,3
7087,3
7088,3
7089,3
7090,3
7091,3
7092,3
7093,3
7094,3
7095,3
7096,3
7097,3
7098,3
7099,3
7100,3
7101,3
7102,3
7103,3
7104,3
7105,3
7106,3
7107,3
7108,3
7109,3
7110,3
7111,3
7112,3
7113,3
7114,3
7115,3
7116,3
7117,3
7118,3
7119,3
7120,3
7121,3
7122,3
7123,3
7124,3
7125,3
7126,3
7127,3
7128,3
7129,3
7130,3
7131,3
7132,3
7133,3
7134,3
7135,3
7136,3
7137,3
7138,3
7139,3
7140,3
7141,3
7142,3
7143,3
7144,3
7145,3
7146,3
7147,3
7148,3
7149,3
7150,3
7151,3
7152,3
7153,3
7154,3
7155,3
7156,3
7157,3
7158,3
7159,3
